,Date,Location,New Cases,New Deaths,New Recovered,New Active Cases,Total Cases,Total Deaths,Total Recovered,Total Active Cases,Increasing,New Cases EMA,New Cases Difference,New Deaths EMA,New Deaths Difference,New Recovered EMA,New Recovered Difference
0,2020-03-02,Indonesia,2,0,0,2,2,0,0,2,0,2.0,0.0,0.0,0.0,0.0,0.0
1,2020-03-03,Indonesia,0,0,0,0,2,0,0,2,0,2.0,-2.0,0.0,0.0,0.0,0.0
2,2020-03-04,Indonesia,0,0,0,0,2,0,0,2,0,1.6,-1.6,0.0,0.0,0.0,0.0
3,2020-03-05,Indonesia,0,0,0,0,2,0,0,2,0,1.2800000000000002,-1.2800000000000002,0.0,0.0,0.0,0.0
4,2020-03-06,Indonesia,2,0,0,2,4,0,0,4,0,1.0240000000000002,0.9759999999999998,0.0,0.0,0.0,0.0
5,2020-03-07,Indonesia,0,0,0,0,4,0,0,4,0,1.2192000000000003,-1.2192000000000003,0.0,0.0,0.0,0.0
6,2020-03-08,Indonesia,2,0,0,2,6,0,0,6,0,0.9753600000000002,1.0246399999999998,0.0,0.0,0.0,0.0
7,2020-03-09,Indonesia,13,0,0,13,19,0,0,19,1,1.1802880000000002,11.819711999999999,0.0,0.0,0.0,0.0
8,2020-03-10,Indonesia,8,0,2,6,27,0,2,25,0,3.5442304000000004,4.4557696,0.0,0.0,0.0,2.0
9,2020-03-11,Indonesia,7,1,0,6,34,1,2,31,0,4.435384320000001,2.5646156799999993,0.0,1.0,0.4,-0.4
10,2020-03-12,Indonesia,0,0,0,0,34,1,2,31,0,4.948307456000001,-4.948307456000001,0.2,-0.2,0.32000000000000006,-0.32000000000000006
11,2020-03-13,Indonesia,35,3,0,32,69,4,2,63,0,3.958645964800001,31.041354035199998,0.16000000000000003,2.84,0.25600000000000006,-0.25600000000000006
12,2020-03-14,Indonesia,27,1,6,20,96,5,8,83,0,10.16691677184,16.83308322816,0.7280000000000001,0.2719999999999999,0.20480000000000007,5.7952
13,2020-03-15,Indonesia,21,0,0,21,117,5,8,104,0,13.533533417472,7.466466582528,0.7824000000000002,-0.7824000000000002,1.3638400000000002,-1.3638400000000002
14,2020-03-16,Indonesia,17,0,0,17,134,5,8,121,0,15.0268267339776,1.9731732660223997,0.6259200000000003,-0.6259200000000003,1.0910720000000003,-1.0910720000000003
15,2020-03-17,Indonesia,38,0,1,37,172,5,9,158,1,15.421461387182081,22.57853861281792,0.5007360000000002,-0.5007360000000002,0.8728576000000002,0.12714239999999977
16,2020-03-18,Indonesia,55,14,2,39,227,19,11,197,1,19.937169109745668,35.06283089025433,0.4005888000000002,13.5994112,0.8982860800000003,1.1017139199999997
17,2020-03-19,Indonesia,82,6,4,72,309,25,15,269,1,26.949735287796535,55.050264712203465,3.1204710400000004,2.8795289599999996,1.1186288640000002,2.881371136
18,2020-03-20,Indonesia,60,7,2,51,369,32,17,320,0,37.95978823023724,22.040211769762763,3.696376832000001,3.303623167999999,1.6949030912000003,0.30509690879999973
19,2020-03-21,Indonesia,81,6,3,72,450,38,20,392,1,42.36783058418979,38.63216941581021,4.357101465600001,1.6428985343999987,1.7559224729600005,1.2440775270399995
20,2020-03-22,Indonesia,64,10,9,45,514,48,29,437,0,50.094264467351834,13.905735532648166,4.685681172480002,5.314318827519998,2.0047379783680004,6.995262021632
21,2020-03-23,Indonesia,65,1,1,63,579,49,30,500,1,52.875411573881465,12.124588426118535,5.7485449379840015,-4.7485449379840015,3.4037903826944005,-2.4037903826944005
22,2020-03-24,Indonesia,106,6,0,100,685,55,30,600,1,55.300329259105176,50.699670740894824,4.798835950387201,1.2011640496127987,2.9230323061555206,-2.9230323061555206
23,2020-03-25,Indonesia,105,3,1,101,790,58,31,701,0,65.44026340728415,39.55973659271585,5.039068760309761,-2.0390687603097613,2.3384258449244166,-1.3384258449244166
24,2020-03-26,Indonesia,103,20,4,79,893,78,35,780,0,73.35221072582732,29.64778927417268,4.631255008247809,15.368744991752191,2.0707406759395335,1.9292593240604665
25,2020-03-27,Indonesia,153,9,11,133,1046,87,46,913,1,79.28176858066186,73.71823141933814,7.705004006598248,1.294995993401752,2.456592540751627,8.543407459248373
26,2020-03-28,Indonesia,109,15,13,81,1155,102,59,994,0,94.0254148645295,14.974585135470505,7.9640032052785985,7.0359967947214015,4.165274032601302,8.834725967398697
27,2020-03-29,Indonesia,130,12,5,113,1285,114,64,1107,1,97.0203318916236,32.9796681083764,9.37120256422288,2.6287974357771198,5.932219226081042,-0.9322192260810418
28,2020-03-30,Indonesia,129,8,11,110,1414,122,75,1217,0,103.61626551329888,25.383734486701115,9.896962051378305,-1.8969620513783045,5.745775380864834,5.254224619135166
29,2020-03-31,Indonesia,114,14,6,94,1528,136,81,1311,0,108.69301241063911,5.306987589360887,9.517569641102645,4.482430358897355,6.796620304691867,-0.7966203046918672
30,2020-04-01,Indonesia,149,21,22,106,1677,157,103,1417,1,109.7544099285113,39.24559007148871,10.414055712882117,10.585944287117883,6.637296243753494,15.362703756246507
31,2020-04-02,Indonesia,113,13,9,91,1790,170,112,1508,0,117.60352794280904,-4.603527942809038,12.531244570305695,0.46875542969430484,9.709836995002796,-0.7098369950027958
32,2020-04-03,Indonesia,196,11,22,163,1986,181,134,1671,1,116.68282235424724,79.31717764575276,12.624995656244556,-1.6249956562445558,9.567869596002238,12.432130403997762
33,2020-04-04,Indonesia,106,10,16,80,2092,191,150,1751,0,132.5462578833978,-26.5462578833978,12.299996524995645,-2.2999965249956453,12.054295676801791,3.9457043231982087
34,2020-04-05,Indonesia,181,7,14,160,2273,198,164,1911,1,127.23700630671824,53.76299369328176,11.839997219996517,-4.839997219996517,12.843436541441434,1.1565634585585656
35,2020-04-06,Indonesia,218,11,28,179,2491,209,192,2090,1,137.98960504537462,80.01039495462538,10.871997775997215,0.12800222400278471,13.074749233153149,14.925250766846851
36,2020-04-07,Indonesia,247,12,12,223,2738,221,204,2313,1,153.9916840362997,93.00831596370031,10.897598220797772,1.1024017792022285,16.05979938652252,-4.059799386522521
37,2020-04-08,Indonesia,218,19,18,181,2956,240,222,2494,0,172.59334722903975,45.40665277096025,11.118078576638219,7.881921423361781,15.247839509218018,2.752160490781982
38,2020-04-09,Indonesia,337,40,30,267,3293,280,252,2761,1,181.6746777832318,155.3253222167682,12.694462861310576,27.305537138689424,15.798271607374415,14.201728392625585
39,2020-04-10,Indonesia,219,26,30,163,3512,306,282,2924,0,212.73974222658546,6.260257773414537,18.155570289048462,7.8444297109515375,18.638617285899535,11.361382714100465
40,2020-04-11,Indonesia,330,21,4,305,3842,327,286,3229,1,213.9917937812684,116.0082062187316,19.724456231238772,1.2755437687612279,20.91089382871963,-16.91089382871963
41,2020-04-12,Indonesia,399,46,73,280,4241,373,359,3509,1,237.19343502501474,161.80656497498526,19.97956498499102,26.02043501500898,17.528715062975706,55.47128493702429
42,2020-04-13,Indonesia,316,26,21,269,4557,399,380,3778,0,269.5547480200118,46.4452519799882,25.183651987992818,0.8163480120071824,28.622972050380568,-7.622972050380568
43,2020-04-14,Indonesia,282,60,46,176,4839,459,426,3954,0,278.84379841600946,3.156201583990537,25.346921590394256,34.65307840960574,27.098377640304456,18.901622359695544
44,2020-04-15,Indonesia,297,10,20,267,5136,469,446,4221,1,279.47503873280755,17.524961267192452,32.277537272315406,-22.277537272315406,30.878702112243566,-10.878702112243566
45,2020-04-16,Indonesia,380,27,102,251,5516,496,548,4472,1,282.98003098624605,97.01996901375395,27.822029817852325,-0.8220298178523251,28.702961689794854,73.29703831020515
46,2020-04-17,Indonesia,407,24,59,324,5923,520,607,4796,1,302.38402478899684,104.61597521100316,27.65762385428186,-3.6576238542818587,43.36236935183589,15.637630648164112
47,2020-04-18,Indonesia,325,15,24,286,6248,535,631,5082,0,323.3072198311975,1.6927801688025284,26.926099083425488,-11.926099083425488,46.48989548146871,-22.489895481468707
48,2020-04-19,Indonesia,327,47,55,225,6575,582,686,5307,1,323.645775864958,3.3542241350419886,24.54087926674039,22.45912073325961,41.991916385174974,13.008083614825026
49,2020-04-20,Indonesia,185,8,61,116,6760,590,747,5423,0,324.3166206919665,-139.31662069196648,29.032703413392312,-21.032703413392312,44.59353310813998,16.40646689186002
50,2020-04-21,Indonesia,375,26,95,254,7135,616,842,5677,1,296.4532965535732,78.54670344642682,24.826162730713854,1.173837269286146,47.874826486511985,47.125173513488015
51,2020-04-22,Indonesia,283,19,71,193,7418,635,913,5870,0,312.1626372428585,-29.162637242858523,25.060930184571085,-6.060930184571085,57.29986118920959,13.700138810790413
52,2020-04-23,Indonesia,357,12,47,298,7775,647,960,6168,1,306.33010979428684,50.66989020571316,23.84874414765687,-11.84874414765687,60.03988895136767,-13.039888951367672
53,2020-04-24,Indonesia,436,42,42,352,8211,689,1002,6520,1,316.4640878354295,119.5359121645705,21.4789953181255,20.5210046818745,57.43191116109414,-15.431911161094142
54,2020-04-25,Indonesia,396,31,40,325,8607,720,1042,6845,0,340.3712702683436,55.62872973165639,25.5831962545004,5.4168037454996,54.34552892887532,-14.345528928875318
55,2020-04-26,Indonesia,275,23,65,187,8882,743,1107,7032,0,351.4970162146749,-76.49701621467489,26.66655700360032,-3.666557003600321,51.476423143100256,13.523576856899744
56,2020-04-27,Indonesia,214,22,44,148,9096,765,1151,7180,0,336.19761297173994,-122.19761297173994,25.93324560288026,-3.933245602880259,54.18113851448021,-10.18113851448021
57,2020-04-28,Indonesia,415,8,103,304,9511,773,1254,7484,1,311.75809037739197,103.24190962260803,25.14659648230421,-17.14659648230421,52.14491081158417,50.85508918841583
58,2020-04-29,Indonesia,260,11,137,112,9771,784,1391,7596,0,332.4064723019136,-72.4064723019136,21.717277185843372,-10.717277185843372,62.31592864926734,74.68407135073267
59,2020-04-30,Indonesia,347,8,131,208,10118,792,1522,7804,1,317.9251778415309,29.07482215846909,19.573821748674696,-11.573821748674696,77.25274291941388,53.747257080586124
60,2020-05-01,Indonesia,433,8,69,356,10551,800,1591,8160,1,323.7401422732247,109.2598577267753,17.25905739893976,-9.25905739893976,88.0021943355311,-19.0021943355311
61,2020-05-02,Indonesia,292,31,74,187,10843,831,1665,8347,0,345.5921138185798,-53.592113818579776,15.407245919151809,15.592754080848191,84.20175546842488,-10.201755468424878
62,2020-05-03,Indonesia,349,14,211,124,11192,845,1876,8471,1,334.8736910548638,14.126308945136202,18.525796735321446,-4.525796735321446,82.1614043747399,128.8385956252601
63,2020-05-04,Indonesia,395,19,78,298,11587,864,1954,8769,1,337.69895284389105,57.30104715610895,17.62063738825716,1.3793626117428417,107.92912349979193,-29.929123499791928
64,2020-05-05,Indonesia,484,8,243,233,12071,872,2197,9002,1,349.15916227511286,134.84083772488714,17.896509910605726,-9.896509910605726,101.94329879983354,141.05670120016646
65,2020-05-06,Indonesia,367,23,120,224,12438,895,2317,9226,0,376.1273298200903,-9.127329820090324,15.917207928484581,7.082792071515419,130.15463903986685,-10.15463903986685
66,2020-05-07,Indonesia,338,35,64,239,12776,930,2381,9465,0,374.30186385607226,-36.30186385607226,17.333766342787666,17.666233657212334,128.12371123189348,-64.12371123189348
67,2020-05-08,Indonesia,336,13,113,210,13112,943,2494,9675,0,367.04149108485785,-31.041491084857853,20.867013074230133,-7.867013074230133,115.29896898551479,-2.29896898551479
68,2020-05-09,Indonesia,533,16,113,404,13645,959,2607,10079,1,360.8331928678863,172.16680713211372,19.29361045938411,-3.2936104593841087,114.83917518841184,-1.8391751884118435
69,2020-05-10,Indonesia,387,14,91,282,14032,973,2698,10361,0,395.26655429430906,-8.26655429430906,18.634888367507287,-4.634888367507287,114.47134015072947,-23.471340150729475
70,2020-05-11,Indonesia,233,18,183,32,14265,991,2881,10393,0,393.6132434354473,-160.61324343544732,17.70791069400583,0.29208930599417116,109.77707212058358,73.22292787941642
71,2020-05-12,Indonesia,484,16,182,286,14749,1007,3063,10679,1,361.4905947483579,122.50940525164208,17.766328555204666,-1.766328555204666,124.42165769646687,57.578342303533134
72,2020-05-13,Indonesia,689,21,224,444,15438,1028,3287,11123,1,385.99247579868637,303.00752420131363,17.413062844163733,3.5869371558362673,135.9373261571735,88.06267384282651
73,2020-05-14,Indonesia,568,15,231,322,16006,1043,3518,11445,0,446.5939806389491,121.40601936105088,18.130450275330986,-3.130450275330986,153.5498609257388,77.45013907426119
74,2020-05-15,Indonesia,490,33,285,172,16496,1076,3803,11617,0,470.8751845111593,19.12481548884068,17.50436022026479,15.49563977973521,169.03988874059104,115.96011125940896
75,2020-05-16,Indonesia,529,13,108,408,17025,1089,3911,12025,1,474.70014760892747,54.299852391072534,20.603488176211833,-7.603488176211833,192.23191099247285,-84.23191099247285
76,2020-05-17,Indonesia,489,59,218,212,17514,1148,4129,12237,0,485.56011808714203,3.4398819128579703,19.08279054096947,39.91720945903053,175.3855287939783,42.614471206021705
77,2020-05-18,Indonesia,496,43,195,258,18010,1191,4324,12495,1,486.24809446971364,9.751905530286365,27.06623243277558,15.933767567224422,183.90842303518264,11.091576964817364
78,2020-05-19,Indonesia,486,30,143,313,18496,1221,4467,12808,0,488.19847557577094,-2.198475575770942,30.252985946220463,-0.25298594622046267,186.12673842814613,-43.126738428146126
79,2020-05-20,Indonesia,693,21,108,564,19189,1242,4575,13372,1,487.7587804606168,205.24121953938322,30.202388756976372,-9.202388756976372,177.5013907425169,-69.50139074251689
80,2020-05-21,Indonesia,973,36,263,674,20162,1278,4838,14046,1,528.8070243684934,444.19297563150656,28.3619110055811,7.638088994418901,163.6011125940135,99.3988874059865
81,2020-05-22,Indonesia,634,48,219,367,20796,1326,5057,14413,0,617.6456194947948,16.3543805052052,29.88952880446488,18.11047119553512,183.4808900752108,35.519109924789205
82,2020-05-23,Indonesia,949,25,192,732,21745,1351,5249,15145,1,620.9164955958358,328.08350440416416,33.51162304357191,-8.511623043571909,190.58471206016864,1.4152879398313587
83,2020-05-24,Indonesia,526,21,153,352,22271,1372,5402,15497,0,686.5331964766688,-160.53319647666876,31.809298434857528,-10.809298434857528,190.86776964813492,-37.867769648134924
84,2020-05-25,Indonesia,479,19,240,220,22750,1391,5642,15717,0,654.426557181335,-175.42655718133506,29.647438747886024,-10.647438747886024,183.29421571850793,56.70578428149207
85,2020-05-26,Indonesia,415,27,235,153,23165,1418,5877,15870,0,619.3412457450681,-204.34124574506814,27.517950998308823,-0.5179509983088231,194.63537257480635,40.364627425193646
86,2020-05-27,Indonesia,686,55,180,451,23851,1473,6057,16321,1,578.4729965960546,107.5270034039454,27.41436079864706,27.58563920135294,202.7082980598451,-22.708298059845106
87,2020-05-28,Indonesia,687,23,183,481,24538,1496,6240,16802,1,599.9783972768437,87.02160272315632,32.93148863891765,-9.93148863891765,198.1666384478761,-15.166638447876096
88,2020-05-29,Indonesia,678,24,252,402,25216,1520,6492,17204,0,617.382717821475,60.61728217852499,30.945190911134123,-6.945190911134123,195.1333107583009,56.866689241699106
89,2020-05-30,Indonesia,557,53,523,-19,25773,1573,7015,17185,0,629.5061742571801,-72.50617425718008,29.5561527289073,23.4438472710927,206.50664860664074,316.49335139335926
90,2020-05-31,Indonesia,700,40,293,367,26473,1613,7308,17552,1,615.004939405744,84.99506059425596,34.244922183125844,5.755077816874156,269.8053188853126,23.1946811146874
91,2020-06-01,Indonesia,467,28,329,110,26940,1641,7637,17662,0,632.0039515245953,-165.00395152459532,35.39593774650068,-7.395937746500678,274.4442551082501,54.555744891749896
92,2020-06-02,Indonesia,609,22,298,289,27549,1663,7935,17951,1,599.0031612196763,9.996838780323742,33.91675019720054,-11.916750197200543,285.3554040866001,12.644595913399883
93,2020-06-03,Indonesia,684,35,471,178,28233,1698,8406,18129,1,601.002528975741,82.99747102425897,31.533400157760433,3.4665998422395674,287.8843232692801,183.11567673071988
94,2020-06-04,Indonesia,585,23,486,76,28818,1721,8892,18205,0,617.6020231805928,-32.60202318059282,32.22672012620835,-9.226720126208349,324.5074586154241,161.49254138457587
95,2020-06-05,Indonesia,703,49,551,103,29521,1770,9443,18308,1,611.0816185444743,91.91838145552572,30.381376100966683,18.618623899033317,356.8059668923393,194.1940331076607
96,2020-06-06,Indonesia,993,31,464,498,30514,1801,9907,18806,1,629.4652948355795,363.53470516442053,34.10510088077335,-3.1051008807733496,395.6447735138714,68.35522648612857
97,2020-06-07,Indonesia,672,50,591,31,31186,1851,10498,18837,0,702.1722358684636,-30.172235868463645,33.484080704618684,16.515919295381316,409.3158188110972,181.6841811889028
98,2020-06-08,Indonesia,847,32,406,409,32033,1883,10904,19246,1,696.137788694771,150.86221130522904,36.78726456369495,-4.787264563694947,445.65265504887776,-39.65265504887776
99,2020-06-09,Indonesia,1042,40,510,492,33075,1923,11414,19738,1,726.3102309558168,315.6897690441832,35.82981165095596,4.1701883490440395,437.7221240391022,72.2778759608978
100,2020-06-10,Indonesia,1241,36,715,490,34316,1959,12129,20228,1,789.4481847646534,451.55181523534657,36.66384932076477,-0.6638493207647684,452.1776992312818,262.8223007687182
101,2020-06-11,Indonesia,979,41,507,431,35295,2000,12636,20659,0,879.7585478117228,99.24145218827721,36.53107945661182,4.46892054338818,504.74215938502545,2.2578406149745547
102,2020-06-12,Indonesia,1111,48,577,486,36406,2048,13213,21145,1,899.6068382493784,211.39316175062163,37.424863565289456,10.575136434710544,505.1937275080204,71.8062724919796
103,2020-06-13,Indonesia,1014,43,563,408,37420,2091,13776,21553,0,941.8854705995028,72.11452940049719,39.539890852231565,3.460109147768435,519.5549820064164,43.44501799358363
104,2020-06-14,Indonesia,857,43,755,59,38277,2134,14531,21612,0,956.3083764796022,-99.3083764796022,40.23191268178525,2.7680873182147465,528.2439856051332,226.75601439486684
105,2020-06-15,Indonesia,1017,64,592,361,39294,2198,15123,21973,1,936.4467011836817,80.55329881631826,40.785530145428204,23.214469854571796,573.5951884841065,18.40481151589347
106,2020-06-16,Indonesia,1106,33,580,493,40400,2231,15703,22466,1,952.5573609469454,153.44263905305456,45.42842411634257,-12.428424116342569,577.2761507872852,2.7238492127147538
107,2020-06-17,Indonesia,1031,45,540,446,41431,2276,16243,22912,0,983.2458887575565,47.754111242443514,42.942739293074055,2.0572607069259448,577.8209206298282,-37.82092062982815
108,2020-06-18,Indonesia,1331,63,555,713,42762,2339,16798,23625,1,992.7967110060453,338.20328899395474,43.354191434459246,19.645808565540754,570.2567365038626,-15.256736503862612
109,2020-06-19,Indonesia,1041,34,551,456,43803,2373,17349,24081,0,1060.4373688048363,-19.437368804836296,47.2833531475674,-13.283353147567396,567.2053892030901,-16.205389203090135
110,2020-06-20,Indonesia,1226,56,534,636,45029,2429,17883,24717,1,1056.5498950438691,169.45010495613087,44.626682518053926,11.373317481946074,563.9643113624721,-29.96431136247213
111,2020-06-21,Indonesia,862,36,521,305,45891,2465,18404,25022,0,1090.4399160350954,-228.4399160350954,46.90134601444314,-10.901346014443142,557.9714490899778,-36.971449089977796
112,2020-06-22,Indonesia,954,35,331,588,46845,2500,18735,25610,1,1044.7519328280764,-90.7519328280764,44.72107681155452,-9.721076811554518,550.5771592719823,-219.57715927198228
113,2020-06-23,Indonesia,1051,35,506,510,47896,2535,19241,26120,1,1026.6015462624612,24.39845373753883,42.77686144924362,-7.7768614492436186,506.66172741758584,-0.661727417585837
114,2020-06-24,Indonesia,1113,38,417,658,49009,2573,19658,26778,1,1031.481237009969,81.51876299003106,41.2214891593949,-3.221489159394899,506.5293819340687,-89.52938193406868
115,2020-06-25,Indonesia,1178,47,791,340,50187,2620,20449,27118,1,1047.7849896079751,130.21501039202485,40.57719132751592,6.422808672484081,488.6235055472549,302.3764944527451
116,2020-06-26,Indonesia,1240,63,884,293,51427,2683,21333,27411,1,1073.8279916863803,166.1720083136197,41.86175306201274,21.13824693798726,549.098804437804,334.901195562196
117,2020-06-27,Indonesia,1385,37,576,772,52812,2720,21909,28183,1,1107.0623933491042,277.93760665089576,46.08940244961019,-9.08940244961019,616.0790435502432,-40.07904355024323
118,2020-06-28,Indonesia,1198,34,1027,137,54010,2754,22936,28320,0,1162.6499146792835,35.350085320716516,44.27152195968815,-10.271521959688151,608.0632348401946,418.9367651598054
119,2020-06-29,Indonesia,1082,51,864,167,55092,2805,23800,28487,0,1169.719931743427,-87.71993174342697,42.217217567750524,8.782782432249476,691.8505878721556,172.14941212784436
120,2020-06-30,Indonesia,1293,71,1006,216,56385,2876,24806,28703,1,1152.1759453947416,140.82405460525842,43.973774054200426,27.026225945799574,726.2804702977246,279.7195297022754
121,2020-07-01,Indonesia,1385,58,789,538,57770,2934,25595,29241,1,1180.3407563157934,204.65924368420656,49.37901924336035,8.620980756639653,782.2243762381797,6.77562376182027
122,2020-07-02,Indonesia,1624,53,1072,499,59394,2987,26667,29740,1,1221.2726050526348,402.72739494736516,51.103215394688284,1.8967846053117157,783.5795009905439,288.4204990094561
123,2020-07-03,Indonesia,1301,49,901,351,60695,3036,27568,30091,0,1301.818084042108,-0.818084042108012,51.48257231575063,-2.4825723157506303,841.2636007924351,59.73639920756489
124,2020-07-04,Indonesia,1447,53,651,743,62142,3089,28219,30834,1,1301.6544672336865,145.34553276631345,50.98605785260051,2.01394214739949,853.2108806339481,-202.21088063394814
125,2020-07-05,Indonesia,1607,82,886,639,63749,3171,29105,31473,1,1330.7235737869494,276.2764262130506,51.388846282080415,30.611153717919585,812.7687045071586,73.23129549284135
126,2020-07-06,Indonesia,1209,70,814,325,64958,3241,29919,31798,0,1385.9788590295595,-176.97885902955954,57.511077025664335,12.488922974335665,827.414963605727,-13.414963605727053
127,2020-07-07,Indonesia,1268,68,866,334,66226,3309,30785,32132,1,1350.5830872236477,-82.58308722364768,60.00886162053147,7.991138379468531,824.7319708845816,41.26802911541836
128,2020-07-08,Indonesia,1853,50,800,1003,68079,3359,31585,33135,1,1334.0664697789184,518.9335302210816,61.60708929642518,-11.60708929642518,832.9855767076654,-32.98557670766536
129,2020-07-09,Indonesia,2657,58,1066,1533,70736,3417,32651,34668,1,1437.8531758231347,1219.1468241768653,59.285671437140145,-1.2856714371401452,826.3884613661323,239.61153863386767
130,2020-07-10,Indonesia,1611,52,878,681,72347,3469,33529,35349,0,1681.6825406585076,-70.6825406585076,59.02853714971212,-7.028537149712122,874.310769092906,3.6892309070940428
131,2020-07-11,Indonesia,1671,66,1190,415,74018,3535,34719,35764,1,1667.5460325268061,3.4539674731938703,57.6228297197697,8.377170280230303,875.0486152743248,314.9513847256752
132,2020-07-12,Indonesia,1681,71,919,691,75699,3606,35638,36455,1,1668.236826021445,12.76317397855496,59.29826377581576,11.701736224184238,938.0388922194599,-19.038892219459854
133,2020-07-13,Indonesia,1282,50,1051,181,76981,3656,36689,36636,0,1670.7894608171562,-388.78946081715617,61.63861102065262,-11.638611020652618,934.231113775568,116.76888622443198
134,2020-07-14,Indonesia,1591,54,947,590,78572,3710,37636,37226,1,1593.0315686537251,-2.0315686537251167,59.310888816522095,-5.310888816522095,957.5848910204545,-10.584891020454506
135,2020-07-15,Indonesia,1522,87,1414,21,80094,3797,39050,37247,0,1592.6252549229803,-70.62525492298028,58.248711053217676,28.751288946782324,955.4679128163637,458.53208718363635
136,2020-07-16,Indonesia,1574,76,1295,203,81668,3873,40345,37450,1,1578.5002039383844,-4.500203938384402,63.99896884257414,12.001031157425857,1047.174330253091,247.82566974690894
137,2020-07-17,Indonesia,1462,84,1489,-111,83130,3957,41834,37339,0,1577.6001631507077,-115.60016315070766,66.39917507405931,17.600824925940685,1096.7394642024728,392.26053579752715
138,2020-07-18,Indonesia,1752,59,1434,259,84882,4016,43268,37598,1,1554.4801305205663,197.51986947943374,69.91934005924746,-10.91934005924746,1175.1915713619783,258.8084286380217
139,2020-07-19,Indonesia,1639,127,2133,-621,86521,4143,45401,36977,0,1593.9841044164532,45.01589558354681,67.73547204739798,59.26452795260202,1226.9532570895826,906.0467429104174
140,2020-07-20,Indonesia,1693,96,1576,21,88214,4239,46977,36998,1,1602.9872835331626,90.01271646683745,79.58837763791838,16.411622362081616,1408.1626056716661,167.83739432833386
141,2020-07-21,Indonesia,1655,81,1489,85,89869,4320,48466,37083,0,1620.9898268265301,34.010173173469866,82.87070211033472,-1.8707021103347188,1441.730084537333,47.269915462667086
142,2020-07-22,Indonesia,1882,139,1789,-46,91751,4459,50255,37037,1,1627.7918614612242,254.20813853877576,82.49656168826778,56.503438311732225,1451.1840676298664,337.8159323701336
143,2020-07-23,Indonesia,1906,117,1909,-120,93657,4576,52164,36917,1,1678.6334891689796,227.36651083102038,93.79724935061422,23.202750649385777,1518.747254103893,390.25274589610694
144,2020-07-24,Indonesia,1761,89,1781,-109,95418,4665,53945,36808,0,1724.1067913351837,36.89320866481626,98.43779948049139,-9.437799480491393,1596.7978032831145,184.2021967168855
145,2020-07-25,Indonesia,1868,49,1409,410,97286,4714,55354,37218,1,1731.4854330681471,136.51456693185287,96.55023958439311,-47.55023958439311,1633.6382426264918,-224.63824262649177
146,2020-07-26,Indonesia,1492,67,1301,124,98778,4781,56655,37342,0,1758.788346454518,-266.788346454518,87.04019166751449,-20.04019166751449,1588.7105941011935,-287.71059410119346
147,2020-07-27,Indonesia,1525,57,1518,-50,100303,4838,58173,37292,1,1705.4306771636145,-180.43067716361452,83.0321533340116,-26.032153334011596,1531.168475280955,-13.168475280954908
148,2020-07-28,Indonesia,1748,63,2366,-681,102051,4901,60539,36611,1,1669.3445417308917,78.6554582691083,77.82572266720929,-14.825722667209291,1528.5347802247638,837.4652197752362
149,2020-07-29,Indonesia,2381,74,1599,708,104432,4975,62138,37319,1,1685.0756333847135,695.9243666152865,74.86057813376743,-0.860578133767433,1696.0278241798112,-97.0278241798112
150,2020-07-30,Indonesia,1904,83,2154,-333,106336,5058,64292,36986,0,1824.260506707771,79.7394932922291,74.68846250701395,8.311537492986048,1676.622259343849,477.377740656151
151,2020-07-31,Indonesia,2040,73,1615,352,108376,5131,65907,37338,1,1840.2084053662168,199.79159463378323,76.35077000561117,-3.3507700056111673,1772.0978074750792,-157.0978074750792
152,2020-08-01,Indonesia,1560,62,2012,-514,109936,5193,67919,36824,0,1880.1667242929734,-320.1667242929734,75.68061600448894,-13.68061600448894,1740.6782459800634,271.32175401993663
153,2020-08-02,Indonesia,1519,43,1056,420,111455,5236,68975,37244,0,1816.1333794343789,-297.13337943437887,72.94449280359116,-29.94449280359116,1794.942596784051,-738.9425967840509
154,2020-08-03,Indonesia,1679,66,1262,351,113134,5302,70237,37595,1,1756.7067035475031,-77.70670354750314,66.95559424287293,-0.9555942428729338,1647.154077427241,-385.15407742724096
155,2020-08-04,Indonesia,1922,86,1813,23,115056,5388,72050,37618,1,1741.1653628380025,180.83463716199753,66.76447539429834,19.235524605701656,1570.1232619417929,242.87673805820714
156,2020-08-05,Indonesia,1815,64,1839,-88,116871,5452,73889,37530,0,1777.3322902704022,37.667709729597846,70.61158031543867,-6.6115803154386725,1618.6986095534344,220.30139044656562
157,2020-08-06,Indonesia,1882,69,1756,57,118753,5521,75645,37587,1,1784.865832216322,97.1341677836781,69.28926425235095,-0.28926425235094655,1662.7588876427476,93.2411123572524
158,2020-08-07,Indonesia,2473,72,1912,489,121226,5593,77557,38076,1,1804.2926657730577,668.7073342269423,69.23141140188076,2.768588598119237,1681.4071101141983,230.5928898858017
159,2020-08-08,Indonesia,2277,65,1749,463,123503,5658,79306,38539,0,1938.0341326184462,338.96586738155384,69.78512912150461,-4.78512912150461,1727.525688091359,21.474311908641084
160,2020-08-09,Indonesia,1893,65,1646,182,125396,5723,80952,38721,0,2005.8273060947572,-112.8273060947572,68.82810329720368,-3.8281032972036826,1731.8205504730872,-85.82055047308722
161,2020-08-10,Indonesia,1687,42,1284,361,127083,5765,82236,39082,0,1983.2618448758058,-296.26184487580576,68.06248263776294,-26.06248263776294,1714.6564403784698,-430.6564403784698
162,2020-08-11,Indonesia,1693,59,1474,160,128776,5824,83710,39242,1,1924.0094759006447,-231.0094759006447,62.84998611021035,-3.8499861102103523,1628.525152302776,-154.52515230277595
163,2020-08-12,Indonesia,1942,79,2088,-225,130718,5903,85798,39017,1,1877.807580720516,64.19241927948406,62.07998888816829,16.920011111831712,1597.620121842221,490.3798781577791
164,2020-08-13,Indonesia,2098,65,1760,273,132816,5968,87558,39290,1,1890.646064576413,207.35393542358702,65.46399111053464,-0.4639911105346357,1695.6960974737767,64.30390252622328
165,2020-08-14,Indonesia,2307,53,2060,194,135123,6021,89618,39484,1,1932.1168516611306,374.88314833886943,65.37119288842771,-12.371192888427714,1708.5568779790215,351.44312202097854
166,2020-08-15,Indonesia,2345,50,1703,592,137468,6071,91321,40076,1,2007.0934813289045,337.90651867109545,62.896954310742174,-12.896954310742174,1778.8455023832173,-75.84550238321731
167,2020-08-16,Indonesia,2081,79,1782,220,139549,6150,93103,40296,0,2074.6747850631236,6.325214936876364,60.317563448593745,18.682436551406255,1763.676401906574,18.32359809342597
168,2020-08-17,Indonesia,1821,57,1355,409,141370,6207,94458,40705,0,2075.9398280504993,-254.93982805049927,64.054050758875,-7.054050758874993,1767.3411215252595,-412.3411215252595
169,2020-08-18,Indonesia,1673,70,1848,-245,143043,6277,96306,40460,0,2024.9518624403995,-351.9518624403995,62.6432406071,7.356759392900003,1684.8728972202077,163.12710277979227
170,2020-08-19,Indonesia,1902,69,2351,-518,144945,6346,98657,39942,1,1954.5614899523198,-52.56148995231979,64.11459248567999,4.885407514320008,1717.4983177761665,633.5016822238335
171,2020-08-20,Indonesia,2266,72,2017,177,147211,6418,100674,40119,1,1944.049191961856,321.95080803814403,65.091673988544,6.908326011455998,1844.1986542209333,172.80134577906665
172,2020-08-21,Indonesia,2197,82,2317,-202,149408,6500,102991,39917,0,2008.4393535694849,188.56064643051513,66.4733391908352,15.526660809164795,1878.758923376747,438.2410766232531
173,2020-08-22,Indonesia,2090,94,2207,-211,151498,6594,105198,39706,0,2046.151482855588,43.84851714441197,69.57867135266817,24.421328647331833,1966.4071387013978,240.5928612986022
174,2020-08-23,Indonesia,2037,86,2302,-351,153535,6680,107500,39355,0,2054.9211862844704,-17.921186284470423,74.46293708213453,11.53706291786547,2014.5257109611184,287.4742890388816
175,2020-08-24,Indonesia,1877,79,3560,-1762,155412,6759,111060,37593,0,2051.3369490275763,-174.33694902757634,76.77034966570763,2.229650334292373,2072.020568768895,1487.979431231105
176,2020-08-25,Indonesia,2447,99,1807,541,157859,6858,112867,38134,1,2016.4695592220612,430.5304407779388,77.21627973256611,21.783720267433893,2369.616455015116,-562.6164550151161
177,2020-08-26,Indonesia,2306,86,2542,-322,160165,6944,115409,37812,0,2102.575647377649,203.42435262235085,81.57302378605289,4.426976213947114,2257.093164012093,284.906835987907
178,2020-08-27,Indonesia,2719,120,3166,-567,162884,7064,118575,37245,1,2143.2605179021193,575.7394820978807,82.45841902884231,37.541580971157686,2314.0745312096747,851.9254687903253
179,2020-08-28,Indonesia,3003,105,2325,573,165887,7169,120900,37818,1,2258.4084143216955,744.5915856783045,89.96673522307385,15.033264776926146,2484.4596249677397,-159.45962496773973
180,2020-08-29,Indonesia,3308,92,1902,1314,169195,7261,122802,39132,1,2407.3267314573563,900.6732685426437,92.97338817845909,-0.9733881784590892,2452.567699974192,-550.5676999741918
181,2020-08-30,Indonesia,2858,82,1383,1393,172053,7343,124185,40525,0,2587.461385165885,270.5386148341149,92.77871054276729,-10.778710542767286,2342.4541599793533,-959.4541599793533
182,2020-08-31,Indonesia,2743,74,1774,895,174796,7417,125959,41420,0,2641.569108132708,101.43089186729185,90.62296843421383,-16.62296843421383,2150.563327983483,-376.56332798348285
183,2020-09-01,Indonesia,2775,88,2098,589,177571,7505,128057,42009,1,2661.8552865061665,113.14471349383348,87.29837474737107,0.7016252526289293,2075.2506623867866,22.749337613213356
184,2020-09-02,Indonesia,3075,111,1914,1050,180646,7616,129971,43059,1,2684.4842292049334,390.5157707950666,87.43869979789687,23.561300202103126,2079.8005299094293,-165.80052990942932
185,2020-09-03,Indonesia,3622,134,2084,1404,184268,7750,132055,44463,1,2762.5873833639466,859.4126166360534,92.1509598383175,41.849040161682495,2046.6404239275435,37.35957607245655
186,2020-09-04,Indonesia,3269,82,2126,1061,187537,7832,134181,45524,0,2934.4699066911576,334.5300933088424,100.520767870654,-18.520767870653998,2054.112339142035,71.88766085796487
187,2020-09-05,Indonesia,3128,108,2220,800,190665,7940,136401,46324,0,3001.3759253529265,126.62407464707348,96.81661429652321,11.183385703476787,2068.489871313628,151.5101286863719
188,2020-09-06,Indonesia,3444,85,2174,1185,194109,8025,138575,47509,1,3026.700740282341,417.29925971765897,99.05329143721858,-14.053291437218576,2098.7918970509027,75.20810294909734
189,2020-09-07,Indonesia,2880,105,2077,698,196989,8130,140652,48207,0,3110.160592225873,-230.1605922258732,96.24263314977486,8.75736685022514,2113.833517640722,-36.83351764072222
190,2020-09-08,Indonesia,3046,100,2306,640,200035,8230,142958,48847,1,3064.1284737806986,-18.12847378069864,97.9941065198199,2.005893480180106,2106.466814112578,199.53318588742195
191,2020-09-09,Indonesia,3307,106,2242,959,203342,8336,145200,49806,1,3060.5027790245595,246.49722097544054,98.39528521585592,7.604714784144079,2146.373451290063,95.6265487099372
192,2020-09-10,Indonesia,3861,120,2310,1431,207203,8456,147510,51237,1,3109.8022232196477,751.1977767803523,99.91622817268474,20.08377182731526,2165.4987610320504,144.50123896794958
193,2020-09-11,Indonesia,3737,88,2707,942,210940,8544,150217,52179,0,3260.041778575718,476.9582214242819,103.9329825381478,-15.932982538147797,2194.3990088256405,512.6009911743595
194,2020-09-12,Indonesia,3806,106,2241,1459,214746,8650,152458,53638,1,3355.433422860575,450.56657713942514,100.74638603051824,5.253613969481762,2296.9192070605127,-55.91920706051269
195,2020-09-13,Indonesia,3636,73,2552,1011,218382,8723,155010,54649,0,3445.54673828846,190.4532617115401,101.7971088244146,-28.797108824414593,2285.73536564841,266.26463435158985
196,2020-09-14,Indonesia,3141,118,3395,-372,221523,8841,158405,54277,0,3483.637390630768,-342.6373906307681,96.03768705953169,21.96231294046831,2338.988292518728,1056.011707481272
197,2020-09-15,Indonesia,3507,124,2660,723,225030,8965,161065,55000,1,3415.109912504615,91.89008749538516,100.43014964762537,23.56985035237463,2550.1906340149826,109.8093659850174
198,2020-09-16,Indonesia,3963,135,3036,792,228993,9100,164101,55792,1,3433.4879300036923,529.5120699963077,105.1441197181003,29.8558802818997,2572.152507211986,463.8474927880138
199,2020-09-17,Indonesia,3635,122,2585,928,232628,9222,166686,56720,0,3539.390344002954,95.60965599704605,111.11529577448024,10.884704225519755,2664.9220057695893,-79.9220057695893
200,2020-09-18,Indonesia,3891,114,4088,-311,236519,9336,170774,56409,1,3558.5122752023635,332.4877247976365,113.2922366195842,0.7077633804157983,2648.9376046156717,1439.0623953843283
201,2020-09-19,Indonesia,4168,112,3576,480,240687,9448,174350,56889,1,3625.009820161891,542.9901798381088,113.43378929566737,-1.433789295667367,2936.7500836925374,639.2499163074626
202,2020-09-20,Indonesia,3989,105,2977,907,244676,9553,177327,57796,0,3733.607856129513,255.39214387048696,113.14703143653391,-8.147031436533908,3064.60006695403,-87.6000669540299
203,2020-09-21,Indonesia,4176,124,3470,582,248852,9677,180797,58378,1,3784.6862849036106,391.3137150963894,111.51762514922713,12.482374850772871,3047.0800535632243,422.9199464367757
204,2020-09-22,Indonesia,4071,160,3501,410,252923,9837,184298,58788,0,3862.9490279228885,208.0509720771115,114.01410011938171,45.98589988061829,3131.6640428505793,369.33595714942066
205,2020-09-23,Indonesia,4465,140,3660,665,257388,9977,187958,59453,1,3904.559222338311,560.440777661689,123.21128009550537,16.788719904494627,3205.5312342804637,454.46876571953635
206,2020-09-24,Indonesia,4634,128,3895,611,262022,10105,191853,60064,1,4016.647377870649,617.352622129351,126.5690240764043,1.430975923595696,3296.424987424371,598.575012575629
207,2020-09-25,Indonesia,4823,113,4343,367,266845,10218,196196,60431,1,4140.11790229652,682.8820977034802,126.85521926112344,-13.855219261123437,3416.139989939497,926.8600100605031
208,2020-09-26,Indonesia,4494,90,3207,1197,271339,10308,199403,61628,0,4276.694321837216,217.3056781627838,124.08417540889874,-34.084175408898744,3601.511991951598,-394.5119919515978
209,2020-09-27,Indonesia,3874,78,3611,185,275213,10386,203014,61813,0,4320.155457469773,-446.15545746977295,117.267340327119,-39.267340327119,3522.6095935612784,88.39040643872158
210,2020-09-28,Indonesia,3509,87,3856,-434,278722,10473,206870,61379,0,4230.924365975819,-721.9243659758185,109.41387226169522,-22.413872261695218,3540.2876748490226,315.71232515097745
211,2020-09-29,Indonesia,4002,128,3567,307,282724,10601,210437,61686,1,4086.539492780655,-84.53949278065511,104.93109780935619,23.06890219064381,3603.4301398792186,-36.430139879218586
212,2020-09-30,Indonesia,4284,139,4510,-365,287008,10740,214947,61321,1,4069.631594224524,214.36840577547582,109.54487824748495,29.455121752515055,3596.1441119033752,913.8558880966248
213,2020-10-01,Indonesia,4174,116,3540,518,291182,10856,218487,61839,0,4112.50527537962,61.49472462038011,115.43590259798796,0.5640974020120382,3778.9152895227003,-238.91528952270028
214,2020-10-02,Indonesia,4317,116,2853,1348,295499,10972,221340,63187,1,4124.804220303696,192.19577969630427,115.54872207839038,0.45127792160961633,3731.1322316181604,-878.1322316181604
215,2020-10-03,Indonesia,4007,83,3712,212,299506,11055,225052,63399,0,4163.243376242957,-156.2433762429573,115.63897766271232,-32.63897766271232,3555.5057852945283,156.49421470547168
216,2020-10-04,Indonesia,3992,96,3401,495,303498,11151,228453,63894,0,4131.994700994366,-139.9947009943662,109.11118213016985,-13.111182130169851,3586.804628235623,-185.8046282356231
217,2020-10-05,Indonesia,3622,102,4140,-620,307120,11253,232593,63274,0,4103.995760795493,-481.99576079549297,106.48894570413589,-4.488945704135887,3549.643702588499,590.3562974115011
218,2020-10-06,Indonesia,4056,121,3844,91,311176,11374,236437,63365,1,4007.5966086363946,48.40339136360535,105.59115656330872,15.408843436691285,3667.714962070799,176.28503792920083
219,2020-10-07,Indonesia,4538,98,3854,586,315714,11472,240291,63951,1,4017.277286909116,520.7227130908841,108.67292525064698,-10.672925250646983,3702.97196965664,151.02803034336011
220,2020-10-08,Indonesia,4850,108,3769,973,320564,11580,244060,64924,1,4121.421829527293,728.5781704727069,106.53834020051758,1.461659799482419,3733.177575725312,35.82242427468782
221,2020-10-09,Indonesia,4094,97,3607,390,324658,11677,247667,65314,0,4267.137463621835,-173.1374636218352,106.83067216041408,-9.830672160414082,3740.3420605802503,-133.3420605802503
222,2020-10-10,Indonesia,4294,88,3814,392,328952,11765,251481,65706,1,4232.5099708974685,61.49002910253148,104.86453772833127,-16.86453772833127,3713.6736484642006,100.3263515357994
223,2020-10-11,Indonesia,4497,79,3546,872,333449,11844,255027,66578,1,4244.807976717975,252.19202328202482,101.49163018266503,-22.491630182665034,3733.7389187713607,-187.73891877136066
224,2020-10-12,Indonesia,3267,91,3492,-316,336716,11935,258519,66262,0,4295.24638137438,-1028.2463813743798,96.99330414613203,-5.993304146132033,3696.1911350170885,-204.19113501708853
225,2020-10-13,Indonesia,3906,92,4777,-963,340622,12027,263296,65299,1,4089.597105099504,-183.597105099504,95.79464331690563,-3.794643316905635,3655.352908013671,1121.647091986329
226,2020-10-14,Indonesia,4127,129,4555,-557,344749,12156,267851,64742,1,4052.8776840796036,74.12231592039643,95.03571465352452,33.96428534647548,3879.682326410937,675.3176735890629
227,2020-10-15,Indonesia,4411,112,5810,-1511,349160,12268,273661,63231,1,4067.702147263683,343.29785273631705,101.82857172281962,10.171428277180382,4014.7458611287498,1795.2541388712502
228,2020-10-16,Indonesia,4301,79,3883,339,353461,12347,277544,63570,0,4136.361717810946,164.63828218905383,103.86285737825571,-24.86285737825571,4373.796688902999,-490.79668890299945
229,2020-10-17,Indonesia,4301,84,4048,169,357762,12431,281592,63739,1,4169.289374248757,131.71062575124324,98.89028590260457,-14.890285902604575,4275.6373511224,-227.6373511224001
230,2020-10-18,Indonesia,4105,80,3732,293,361867,12511,285324,64032,0,4195.631499399005,-90.6314993990054,95.91222872208367,-15.912228722083668,4230.10988089792,-498.10988089792045
231,2020-10-19,Indonesia,3373,106,3919,-652,365240,12617,289243,63380,0,4177.505199519204,-804.5051995192043,92.72978297766694,13.270217022333057,4130.487904718337,-211.48790471833672
232,2020-10-20,Indonesia,3602,117,4410,-925,368842,12734,293653,62455,1,4016.6041596153636,-414.60415961536364,95.38382638213356,21.616173617866437,4088.1903237746697,321.80967622533035
233,2020-10-21,Indonesia,4267,123,3856,288,373109,12857,297509,62743,1,3933.683327692291,333.3166723077088,99.70706110570686,23.292938894293144,4152.552259019736,-296.5522590197361
234,2020-10-22,Indonesia,4432,102,3497,833,377541,12959,301006,63576,1,4000.346662153833,431.6533378461668,104.3656488845655,-2.365648884565502,4093.241807215789,-596.2418072157889
235,2020-10-23,Indonesia,4369,118,4094,157,381910,13077,305100,63733,0,4086.677329723067,282.32267027693297,103.89251910765242,14.107480892347581,3973.9934457726313,120.00655422736872
236,2020-10-24,Indonesia,4070,128,4119,-177,385980,13205,309219,63556,0,4143.141863778454,-73.14186377845363,106.71401528612193,21.285984713878065,3997.9947566181054,121.00524338189462
237,2020-10-25,Indonesia,3732,94,4545,-907,389712,13299,313764,62649,0,4128.5134910227625,-396.51349102276254,110.97121222889754,-16.971212228897542,4022.1958052944847,522.8041947055153
238,2020-10-26,Indonesia,3222,112,3908,-798,392934,13411,317672,61851,0,4049.2107928182104,-827.2107928182104,107.57696978311803,4.423030216881969,4126.756644235587,-218.75664423558737
239,2020-10-27,Indonesia,3520,101,4576,-1157,396454,13512,322248,60694,1,3883.7686342545685,-363.7686342545685,108.46157582649444,-7.461575826494439,4083.00531538847,492.9946846115299
240,2020-10-28,Indonesia,4029,100,3545,384,400483,13612,325793,61078,1,3811.014907403655,217.9850925963451,106.96926066119556,-6.9692606611955625,4181.604252310776,-636.6042523107762
241,2020-10-29,Indonesia,3565,89,3985,-509,404048,13701,329778,60569,0,3854.6119259229245,-289.61192592292446,105.57540852895646,-16.57540852895646,4054.283401848621,-69.283401848621
242,2020-10-30,Indonesia,2897,81,4517,-1701,406945,13782,334295,58868,0,3796.68954073834,-899.6895407383399,102.26032682316517,-21.260326823165173,4040.426721478897,476.573278521103
243,2020-10-31,Indonesia,3143,87,3506,-450,410088,13869,337801,58418,1,3616.751632590672,-473.7516325906722,98.00826145853215,-11.008261458532147,4135.741377183118,-629.741377183118
244,2020-11-01,Indonesia,2696,74,4141,-1519,412784,13943,341942,56899,0,3522.001306072538,-826.0013060725378,95.80660916682572,-21.806609166825723,4009.7931017464944,131.20689825350564
245,2020-11-02,Indonesia,2618,101,3624,-1107,415402,14044,345566,55792,0,3356.8010448580308,-738.8010448580308,91.44528733346058,9.554712666539416,4036.034481397196,-412.03448139719603
246,2020-11-03,Indonesia,2973,102,3931,-1060,418375,14146,349497,54732,1,3209.0408358864247,-236.0408358864247,93.35622986676847,8.643770133231527,3953.627585117757,-22.627585117757008
247,2020-11-04,Indonesia,3356,113,3785,-542,421731,14259,353282,54190,1,3161.83266870914,194.16733129086015,95.08498389341479,17.915016106585213,3949.1020680942056,-164.1020680942056
248,2020-11-05,Indonesia,4065,89,3860,116,425796,14348,357142,54306,1,3200.6661349673122,864.3338650326878,98.66798711473183,-9.66798711473183,3916.2816544753646,-56.281654475364576
249,2020-11-06,Indonesia,3778,94,3563,121,429574,14442,360705,54427,0,3373.53290797385,404.4670920261501,96.73438969178547,-2.7343896917854664,3905.025323580292,-342.025323580292
250,2020-11-07,Indonesia,4262,98,3712,452,433836,14540,364417,54879,1,3454.42632637908,807.5736736209201,96.18751175342838,1.8124882465716183,3836.6202588642336,-124.62025886423362
251,2020-11-08,Indonesia,3880,74,3881,-75,437716,14614,368298,54804,0,3615.941061103264,264.058938896736,96.55000940274272,-22.550009402742717,3811.6962070913874,69.30379290861265
252,2020-11-09,Indonesia,2853,75,3968,-1190,440569,14689,372266,53614,0,3668.7528488826115,-815.7528488826115,92.04000752219417,-17.040007522194173,3825.5569656731104,142.44303432688957
253,2020-11-10,Indonesia,3779,72,3475,232,444348,14761,375741,53846,1,3505.602279106089,273.3977208939109,88.63200601775534,-16.632006017755344,3854.0455725384886,-379.0455725384886
254,2020-11-11,Indonesia,3770,75,3241,454,448118,14836,378982,54300,0,3560.2818232848717,209.71817671512827,85.30560481420429,-10.305604814204287,3778.2364580307913,-537.2364580307913
255,2020-11-12,Indonesia,4173,97,3102,974,452291,14933,382084,55274,1,3602.2254586278978,570.7745413721022,83.24448385136343,13.755516148636573,3670.7891664246335,-568.7891664246335
256,2020-11-13,Indonesia,5444,104,3010,2330,457735,15037,385094,57604,1,3716.380366902318,1727.6196330976818,85.99558708109075,18.004412918909253,3557.031333139707,-547.0313331397069
257,2020-11-14,Indonesia,5272,111,3000,2161,463007,15148,388094,59765,0,4061.904293521855,1210.095706478145,89.5964696648726,21.4035303351274,3447.625066511766,-447.6250665117659
258,2020-11-15,Indonesia,4106,63,3897,146,467113,15211,391991,59911,0,4303.923434817484,-197.92343481748412,93.87717573189809,-30.87717573189809,3358.100053209413,538.8999467905869
259,2020-11-16,Indonesia,3535,85,3452,-2,470648,15296,395443,59909,0,4264.338747853987,-729.3387478539871,87.70174058551848,-2.701740585518479,3465.880042567531,-13.880042567530836
260,2020-11-17,Indonesia,3807,97,3193,517,474455,15393,398636,60426,1,4118.47099828319,-311.47099828319006,87.16139246841479,9.838607531585211,3463.104034054025,-270.10403405402485
261,2020-11-18,Indonesia,4265,110,3711,444,478720,15503,402347,60870,1,4056.176798626552,208.82320137344777,89.12911397473184,20.870886025268163,3409.08322724322,301.9167727567801
262,2020-11-19,Indonesia,4798,97,4265,436,483518,15600,406612,61306,1,4097.941438901242,700.0585610987582,93.30329117978548,3.696708820214525,3469.466581794576,795.5334182054239
263,2020-11-20,Indonesia,4792,78,3940,774,488310,15678,410552,62080,0,4237.953151120993,554.0468488790066,94.0426329438284,-16.042632943828394,3628.573265435661,311.42673456433886
264,2020-11-21,Indonesia,4998,96,3403,1499,493308,15774,413955,63579,1,4348.762520896795,649.2374791032053,90.83410635506272,5.1658936449372845,3690.8586123485293,-287.8586123485293
265,2020-11-22,Indonesia,4360,110,4233,17,497668,15884,418188,63596,0,4478.610016717436,-118.61001671743634,91.86728508405018,18.13271491594982,3633.2868898788233,599.7131101211767
266,2020-11-23,Indonesia,4442,118,4198,126,502110,16002,422386,63722,1,4454.888013373949,-12.888013373949434,95.49382806724014,22.506171932759855,3753.2295119030587,444.77048809694134
267,2020-11-24,Indonesia,4192,109,2927,1156,506302,16111,425313,64878,0,4452.31041069916,-260.31041069915955,99.99506245379212,9.004937546207884,3842.183609522447,-915.1836095224471
268,2020-11-25,Indonesia,5534,114,4494,926,511836,16225,429807,65804,1,4400.248328559328,1133.751671440672,101.7960499630337,12.203950036966305,3659.146887617958,834.8531123820421
269,2020-11-26,Indonesia,4917,127,3842,948,516753,16352,433649,66752,0,4626.998662847463,290.0013371525374,104.23683997042696,22.763160029573044,3826.1175100943665,15.88248990563352
270,2020-11-27,Indonesia,5828,169,3807,1852,522581,16521,437456,68604,1,4684.99893027797,1143.0010697220296,108.78947197634157,60.210528023658426,3829.2940080754934,-22.294008075493366
271,2020-11-28,Indonesia,5418,125,4527,766,527999,16646,441983,69370,0,4913.599144222377,504.4008557776233,120.83157758107328,4.168422418926724,3824.835206460395,702.164793539605
272,2020-11-29,Indonesia,6267,169,3810,2288,534266,16815,445793,71658,1,5014.479315377902,1252.520684622098,121.66526206485862,47.334737935141376,3965.2681651683165,-155.2681651683165
273,2020-11-30,Indonesia,4617,130,4725,-238,538883,16945,450518,71420,0,5264.983452302322,-647.9834523023219,131.1322096518869,-1.1322096518869103,3934.2145321346534,790.7854678653466
274,2020-12-01,Indonesia,5092,136,4361,595,543975,17081,454879,72015,1,5135.386761841857,-43.38676184185715,130.90576772150953,5.094232278490466,4092.371625707723,268.62837429227693
275,2020-12-02,Indonesia,5533,118,4001,1414,549508,17199,458880,73429,1,5126.709409473486,406.2905905265143,131.92461417720762,-13.924614177207616,4146.097300566179,-145.097300566179
276,2020-12-03,Indonesia,8369,156,3673,4540,557877,17355,462553,77969,1,5207.9675275787895,3161.0324724212105,129.1396913417661,26.86030865823389,4117.077840452944,-444.07784045294375
277,2020-12-04,Indonesia,5803,124,3625,2054,563680,17479,466178,80023,0,5840.174022063032,-37.17402206303177,134.51175307341288,-10.511753073412876,4028.262272362355,-403.2622723623549
278,2020-12-05,Indonesia,6027,110,4271,1646,569707,17589,470449,81669,1,5832.739217650426,194.26078234957367,132.4094024587303,-22.409402458730312,3947.609817889884,323.3901821101158
279,2020-12-06,Indonesia,6089,151,4322,1616,575796,17740,474771,83285,1,5871.591374120342,217.40862587965785,127.92752196698426,23.07247803301574,4012.2878543119077,309.7121456880923
280,2020-12-07,Indonesia,5754,127,4431,1196,581550,17867,479202,84481,0,5915.073099296274,-161.07309929627445,132.54201757358743,-5.5420175735874295,4074.2302834495263,356.76971655047373
281,2020-12-08,Indonesia,5292,133,4295,864,586842,18000,483497,85345,0,5882.85847943702,-590.8584794370199,131.43361405886995,1.5663859411300507,4145.584226759621,149.41577324037917
282,2020-12-09,Indonesia,6058,171,3948,1939,592900,18171,487445,87284,1,5764.686783549616,293.31321645038406,131.74689124709596,39.25310875290404,4175.467381407697,-227.46738140769685
283,2020-12-10,Indonesia,6033,165,4530,1338,598933,18336,491975,88622,0,5823.3494268396935,209.65057316030652,139.59751299767677,25.402487002323227,4129.973905126158,400.02609487384234
284,2020-12-11,Indonesia,6310,175,4911,1224,605243,18511,496886,89846,1,5865.279541471756,444.7204585282443,144.67801039814142,30.321989601858576,4209.979124100926,701.0208758990739
285,2020-12-12,Indonesia,6388,142,4490,1756,611631,18653,501376,91602,1,5954.223633177405,433.77636682259526,150.74240831851313,-8.742408318513128,4350.183299280741,139.81670071925873
286,2020-12-13,Indonesia,6189,166,4460,1563,617820,18819,505836,93165,0,6040.9789065419245,148.02109345807548,148.9939266548105,17.006073345189492,4378.146639424593,81.85336057540735
287,2020-12-14,Indonesia,5489,137,5121,231,623309,18956,510957,93396,0,6070.58312523354,-581.5831252335402,152.3951413238484,-15.395141323848407,4394.517311539674,726.4826884603262
288,2020-12-15,Indonesia,6120,155,5699,266,629429,19111,516656,93662,1,5954.266500186833,165.73349981316733,149.31611305907873,5.683886940921269,4539.813849231739,1159.1861507682606
289,2020-12-16,Indonesia,6725,137,5328,1260,636154,19248,521984,94922,1,5987.413200149466,737.5867998505337,150.45289044726297,-13.452890447262973,4771.651079385391,556.3489206146087
290,2020-12-17,Indonesia,7354,142,4995,2217,643508,19390,526979,97139,1,6134.930560119573,1219.0694398804271,147.76231235781037,-5.762312357810373,4882.920863508313,112.07913649168677
291,2020-12-18,Indonesia,6689,124,5016,1549,650197,19514,531995,98688,0,6378.744448095658,310.2555519043417,146.6098498862483,-22.6098498862483,4905.336690806651,110.66330919334905
292,2020-12-19,Indonesia,7751,145,4265,3341,657948,19659,536260,102029,1,6440.795558476527,1310.2044415234732,142.08787990899864,2.9121200910013556,4927.469352645321,-662.4693526453211
293,2020-12-20,Indonesia,6982,221,5551,1210,664930,19880,541811,103239,0,6702.836446781222,279.16355321877836,142.67030392719892,78.32969607280108,4794.975482116257,756.0245178837431
294,2020-12-21,Indonesia,6848,205,5073,1570,671778,20085,546884,104809,0,6758.669157424978,89.33084257502196,158.33624314175916,46.663756858240845,4946.1803856930055,126.81961430699448
295,2020-12-22,Indonesia,6347,172,5838,337,678125,20257,552722,105146,0,6776.5353259399835,-429.5353259399835,167.6689945134073,4.331005486592687,4971.544308554405,866.4556914455952
296,2020-12-23,Indonesia,7514,151,5981,1382,685639,20408,558703,106528,1,6690.628260751988,823.3717392480121,168.53519561072585,-17.53519561072585,5144.835446843525,836.1645531564754
297,2020-12-24,Indonesia,7199,181,5277,1741,692838,20589,563980,108269,0,6855.302608601591,343.6973913984093,165.0281564885807,15.971843511419308,5312.06835747482,-35.068357474820004
298,2020-12-25,Indonesia,7259,258,6324,677,700097,20847,570304,108946,1,6924.0420868812735,334.95791311872654,168.2225251908646,89.77747480913541,5305.054685979856,1018.945314020144
299,2020-12-26,Indonesia,6740,147,6389,204,706837,20994,576693,109150,0,6991.033669505019,-251.03366950501913,186.17802015269166,-39.17802015269166,5508.8437487838855,880.1562512161145
300,2020-12-27,Indonesia,6528,243,6983,-698,713365,21237,583676,108452,0,6940.8269356040155,-412.8269356040155,178.34241612215334,64.65758387784666,5684.874999027109,1298.125000972891
301,2020-12-28,Indonesia,5854,215,6302,-663,719219,21452,589978,107789,0,6858.261548483213,-1004.2615484832131,191.27393289772266,23.72606710227734,5944.499999221688,357.5000007783119
302,2020-12-29,Indonesia,7903,251,6805,847,727122,21703,596783,108636,1,6657.409238786571,1245.5907612134288,196.01914631817814,54.980853681821856,6015.999999377351,789.0000006226492
303,2020-12-30,Indonesia,8002,241,6958,803,735124,21944,603741,109439,1,6906.527391029258,1095.472608970742,207.01531705454255,33.98468294545745,6173.799999501881,784.2000004981192
304,2020-12-31,Indonesia,8074,194,7356,524,743198,22138,611097,109963,1,7125.621912823406,948.3780871765939,213.81225364363405,-19.81225364363405,6330.639999601505,1025.3600003984948
305,2021-01-01,Indonesia,8072,191,6839,1042,751270,22329,617936,111005,0,7315.297530258726,756.7024697412744,209.84980291490726,-18.849802914907258,6535.711999681204,303.28800031879564
306,2021-01-02,Indonesia,7203,226,7582,-605,758473,22555,625518,110400,0,7466.638024206981,-263.63802420698084,206.07984233192582,19.920157668074182,6596.369599744964,985.630400255036
307,2021-01-03,Indonesia,6877,179,6419,279,765350,22734,631937,110679,0,7413.910419365586,-536.9104193655858,210.06387386554064,-31.063873865540643,6793.495679795971,-374.4956797959712
308,2021-01-04,Indonesia,6753,177,7166,-590,772103,22911,639103,110089,0,7306.528335492469,-553.5283354924686,203.85109909243255,-26.85109909243255,6718.5965438367775,447.4034561632225
309,2021-01-05,Indonesia,7445,198,6643,604,779548,23109,645746,110693,1,7195.822668393976,249.17733160602438,198.48087927394604,-0.48087927394604435,6808.077235069422,-165.0772350694224
310,2021-01-06,Indonesia,8854,187,6767,1900,788402,23296,652513,112593,1,7245.6581347151805,1608.3418652848195,198.38470341915684,-11.384703419156835,6775.061788055538,-8.061788055538273
311,2021-01-07,Indonesia,9321,224,6924,2173,797723,23520,659437,114766,1,7567.326507772145,1753.6734922278547,196.10776273532548,27.89223726467452,6773.449430444431,150.55056955556938
312,2021-01-08,Indonesia,10617,233,7446,2938,808340,23753,666883,117704,1,7918.061206217716,2698.938793782284,201.68621018826042,31.313789811739582,6803.559544355545,642.4404556444551
313,2021-01-09,Indonesia,10046,194,6628,3224,818386,23947,673511,120928,0,8457.848964974173,1588.1510350258268,207.94896815060835,-13.948968150608351,6932.047635484436,-304.0476354844359
314,2021-01-10,Indonesia,9640,182,7513,1945,828026,24129,681024,122873,0,8775.47917197934,864.5208280206607,205.15917452048672,-23.159174520486715,6871.23810838755,641.7618916124502
315,2021-01-11,Indonesia,8692,214,7715,763,836718,24343,688739,123636,0,8948.383337583473,-256.3833375834729,200.52733961638938,13.472660383610616,6999.590486710041,715.4095132899592
316,2021-01-12,Indonesia,10047,302,7068,2677,846765,24645,695807,126313,1,8897.106670066778,1149.893329933222,203.22187169311152,98.77812830688848,7142.672389368033,-74.67238936803278
317,2021-01-13,Indonesia,11278,306,7657,3315,858043,24951,703464,129628,1,9127.085336053422,2150.914663946578,222.97749735448923,83.02250264551077,7127.737911494427,529.262088505573
318,2021-01-14,Indonesia,11557,295,7741,3521,869600,25246,711205,133149,1,9557.268268842738,1999.7317311572624,239.58199788359138,55.418002116408616,7233.590329195542,507.4096708044581
319,2021-01-15,Indonesia,12818,238,7491,5089,882418,25484,718696,138238,1,9957.21461507419,2860.78538492581,250.6655983068731,-12.665598306873108,7335.072263356434,155.92773664356628
320,2021-01-16,Indonesia,14224,283,8662,5279,896642,25767,727358,143517,1,10529.371692059352,3694.6283079406476,248.13247864549848,34.86752135450152,7366.257810685147,1295.742189314853
321,2021-01-17,Indonesia,11287,220,9102,1965,907929,25987,736460,145482,0,11268.297353647482,18.70264635251806,255.1059829163988,-35.1059829163988,7625.406248548117,1476.5937514518828
322,2021-01-18,Indonesia,9086,295,9475,-684,917015,26282,745935,144798,0,11272.037882917986,-2186.0378829179863,248.08478633311904,46.91521366688096,7920.724998838494,1554.2750011615062
323,2021-01-19,Indonesia,10365,308,8013,2044,927380,26590,753948,146842,1,10834.83030633439,-469.8303063343901,257.46782906649526,50.532170933504744,8231.579999070796,-218.57999907079648
324,2021-01-20,Indonesia,12568,267,9755,2546,939948,26857,763703,149388,1,10740.864245067512,1827.1357549324875,267.57426325319625,-0.5742632531962499,8187.863999256638,1567.1360007433623
325,2021-01-21,Indonesia,11703,346,9087,2270,951651,27203,772790,151658,0,11106.29139605401,596.70860394599,267.459410602557,78.540589397443,8501.29119940531,585.7088005946898
326,2021-01-22,Indonesia,13632,250,8357,5025,965283,27453,781147,156683,1,11225.633116843208,2406.366883156792,283.1675284820456,-33.16752848204561,8618.432959524249,-261.4329595242489
327,2021-01-23,Indonesia,12191,211,9912,2068,977474,27664,791059,158751,0,11706.906493474566,484.09350652543435,276.53402278563647,-65.53402278563647,8566.1463676194,1345.8536323806002
328,2021-01-24,Indonesia,11788,171,7751,3866,989262,27835,798810,162617,0,11803.725194779654,-15.725194779653975,263.42721822850916,-92.42721822850916,8835.31709409552,-1084.3170940955206
329,2021-01-25,Indonesia,9994,297,10678,-981,999256,28132,809488,161636,0,11800.580155823724,-1806.5801558237235,244.94177458280734,52.05822541719266,8618.453675276418,2059.546324723582
330,2021-01-26,Indonesia,13094,336,10868,1890,1012350,28468,820356,163526,1,11439.264124658981,1654.735875341019,255.35341966624588,80.64658033375412,9030.362940221135,1837.6370597788646
331,2021-01-27,Indonesia,11948,387,10974,587,1024298,28855,831330,164113,0,11770.211299727187,177.788700272813,271.48273573299673,115.51726426700327,9397.890352176908,1576.109647823092
332,2021-01-28,Indonesia,13695,476,10792,2427,1037993,29331,842122,166540,1,11805.76903978175,1889.2309602182504,294.5861885863974,181.41381141360262,9713.112281741527,1078.887718258473
333,2021-01-29,Indonesia,13802,187,10138,3477,1051795,29518,852260,170017,1,12183.6152318254,1618.3847681745992,330.8689508691179,-143.8689508691179,9928.889825393222,209.11017460677795
334,2021-01-30,Indonesia,14518,210,10242,4066,1066313,29728,862502,174083,1,12507.292185460321,2010.707814539679,302.0951606952943,-92.09516069529428,9970.711860314577,271.2881396854227
335,2021-01-31,Indonesia,12001,270,10719,1012,1078314,29998,873221,175095,0,12909.433748368258,-908.4337483682575,283.6761285562354,-13.676128556235426,10024.969488251661,694.0305117483385
336,2021-02-01,Indonesia,10994,279,10461,254,1089308,30277,883682,175349,0,12727.746998694607,-1733.746998694607,280.9409028449884,-1.9409028449883863,10163.77559060133,297.2244093986701
337,2021-02-02,Indonesia,10379,304,12848,-2773,1099687,30581,896530,172576,0,12380.997598955688,-2001.9975989556879,280.55272227599073,23.44727772400927,10223.220472481065,2624.7795275189346
338,2021-02-03,Indonesia,11984,189,9135,2660,1111671,30770,905665,175236,1,11980.598079164552,3.4019208354475268,285.2421778207926,-96.24217782079262,10748.176377984853,-1613.1763779848534
339,2021-02-04,Indonesia,11434,231,11641,-438,1123105,31001,917306,174798,0,11981.278463331644,-547.2784633316442,265.9937422566341,-34.99374225663411,10425.541102387882,1215.4588976121177
340,2021-02-05,Indonesia,11749,201,9674,1874,1134854,31202,926980,176672,1,11871.822770665316,-122.82277066531606,258.9949938053073,-57.994993805307274,10668.632881910307,-994.6328819103073
341,2021-02-06,Indonesia,12156,191,12204,-239,1147010,31393,939184,176433,1,11847.258216532253,308.74178346774715,247.3959950442458,-56.39599504424581,10469.706305528245,1734.2936944717549
342,2021-02-07,Indonesia,10827,163,10806,-142,1157837,31556,949990,176291,0,11909.006573225803,-1082.0065732258026,236.11679603539665,-73.11679603539665,10816.565044422598,-10.565044422597566
343,2021-02-08,Indonesia,8242,207,13038,-5003,1166079,31763,963028,171288,0,11692.605258580643,-3450.605258580643,221.49343682831733,-14.493436828317328,10814.45203553808,2223.547964461921
344,2021-02-09,Indonesia,8700,213,10424,-1937,1174779,31976,973452,169351,1,11002.484206864514,-2302.484206864514,218.59474946265388,-5.59474946265388,11259.161628430464,-835.1616284304637
345,2021-02-10,Indonesia,8776,191,9520,-935,1183555,32167,982972,168416,1,10541.987365491612,-1765.9873654916119,217.47579957012312,-26.475799570123115,11092.129302744372,-1572.1293027443717
346,2021-02-11,Indonesia,8435,214,10145,-1924,1191990,32381,993117,166492,0,10188.78989239329,-1753.7898923932898,212.1806396560985,1.8193603439015078,10777.703442195498,-632.7034421954977
347,2021-02-12,Indonesia,9869,275,11000,-1406,1201859,32656,1004117,165086,1,9838.031913914632,30.96808608536776,212.54451172487882,62.45548827512118,10651.162753756398,348.83724624360184
348,2021-02-13,Indonesia,8844,280,11919,-3355,1210703,32936,1016036,161731,0,9844.225531131706,-1000.2255311317058,225.03560937990306,54.964390620096935,10720.930203005119,1198.0697969948815
349,2021-02-14,Indonesia,6765,247,9237,-2719,1217468,33183,1025273,159012,0,9644.180424905364,-2879.180424905364,236.02848750392246,10.971512496077537,10960.544162404094,-1723.544162404094
350,2021-02-15,Indonesia,6462,184,6792,-514,1223930,33367,1032065,158498,0,9068.344339924291,-2606.3443399242915,238.222790003138,-54.22279000313799,10615.835329923275,-3823.835329923275
351,2021-02-16,Indonesia,10029,229,7609,2191,1233959,33596,1039674,160689,1,8547.075471939434,1481.9245280605664,227.3782320025104,1.6217679974895987,9851.06826393862,-2242.0682639386196
352,2021-02-17,Indonesia,9687,192,8002,1493,1243646,33788,1047676,162182,0,8843.460377551546,843.5396224484539,227.70258560200836,-35.702585602008355,9402.654611150896,-1400.654611150896
353,2021-02-18,Indonesia,9039,181,10546,-1688,1252685,33969,1058222,160494,0,9012.168302041237,26.83169795876347,220.5620684816067,-39.5620684816067,9122.523688920717,1423.4763110792828
354,2021-02-19,Indonesia,10614,183,10783,-352,1263299,34152,1069005,160142,1,9017.534641632988,1596.4653583670115,212.64965478528535,-29.64965478528535,9407.218951136574,1375.781048863426
355,2021-02-20,Indonesia,8054,164,9835,-1945,1271353,34316,1078840,158197,0,9336.827713306391,-1282.8277133063912,206.7197238282283,-42.7197238282283,9682.37516090926,152.62483909074035
356,2021-02-21,Indonesia,7300,173,8236,-1109,1278653,34489,1087076,157088,0,9080.262170645114,-1780.2621706451137,198.17577906258265,-25.17577906258265,9712.900128727408,-1476.9001287274077
357,2021-02-22,Indonesia,10180,202,9918,60,1288833,34691,1096994,157148,1,8724.209736516092,1455.7902634839083,193.1406232500661,8.859376749933887,9417.520102981927,500.47989701807273
358,2021-02-23,Indonesia,9775,323,7996,1456,1298608,35014,1104990,158604,0,9015.367789212873,759.6322107871274,194.9124986000529,128.0875013999471,9517.616082385543,-1521.6160823855425
359,2021-02-24,Indonesia,7533,240,7735,-442,1306141,35254,1112725,158162,0,9167.294231370299,-1634.2942313702988,220.52999888004234,19.470001119957658,9213.292865908435,-1478.2928659084355
360,2021-02-25,Indonesia,8493,264,8686,-457,1314634,35518,1121411,157705,1,8840.43538509624,-347.43538509623977,224.4239991040339,39.576000895966104,8917.634292726749,-231.63429272674875
361,2021-02-26,Indonesia,8232,268,7261,703,1322866,35786,1128672,158408,0,8770.948308076991,-538.9483080769915,232.33919928322715,35.660800716772854,8871.307434181399,-1610.307434181399
362,2021-02-27,Indonesia,6208,195,7382,-1369,1329074,35981,1136054,157039,0,8663.158646461594,-2455.158646461594,239.47135942658173,-44.47135942658173,8549.24594734512,-1167.24594734512
363,2021-02-28,Indonesia,5560,185,6649,-1274,1334634,36166,1142703,155765,0,8172.126917169276,-2612.1269171692757,230.5770875412654,-45.5770875412654,8315.796757876096,-1666.7967578760963
364,2021-03-01,Indonesia,6680,159,9212,-2691,1341314,36325,1151915,153074,1,7649.7015337354205,-969.7015337354205,221.46167003301233,-62.461670033012325,7982.437406300877,1229.5625936991228
365,2021-03-02,Indonesia,5712,193,8948,-3429,1347026,36518,1160863,149645,0,7455.761226988337,-1743.7612269883366,208.96933602640988,-15.969336026409877,8228.349925040702,719.6500749592979
366,2021-03-03,Indonesia,6808,203,9053,-2448,1353834,36721,1169916,147197,1,7107.00898159067,-299.0089815906704,205.7754688211279,-2.7754688211279017,8372.279940032562,680.7200599674379
367,2021-03-04,Indonesia,7264,176,6440,648,1361098,36897,1176356,147845,1,7047.207185272537,216.79281472746334,205.22037505690233,-29.220375056902327,8508.42395202605,-2068.4239520260508
368,2021-03-05,Indonesia,6971,129,6331,511,1368069,37026,1182687,148356,0,7090.5657482180295,-119.56574821802951,199.37630004552187,-70.37630004552187,8094.739161620841,-1763.7391616208406
369,2021-03-06,Indonesia,5767,128,6823,-1184,1373836,37154,1189510,147172,0,7066.652598574424,-1299.6525985744238,185.30104003641753,-57.30104003641753,7741.991329296673,-918.991329296673
370,2021-03-07,Indonesia,5826,112,5146,568,1379662,37266,1194656,147740,1,6806.722078859539,-980.7220788595387,173.84083202913402,-61.84083202913402,7558.193063437339,-2412.1930634373393
371,2021-03-08,Indonesia,6894,281,8725,-2112,1386556,37547,1203381,145628,1,6610.577663087631,283.42233691236925,161.47266562330722,119.52733437669278,7075.7544507498715,1649.2455492501285
372,2021-03-09,Indonesia,6389,210,7496,-1317,1392945,37757,1210877,144311,0,6667.262130470105,-278.26213047010515,185.3781324986458,24.62186750135419,7405.603560599898,90.39643940010228
373,2021-03-10,Indonesia,5633,175,5556,-98,1398578,37932,1216433,144213,0,6611.609704376085,-978.6097043760847,190.30250599891664,-15.302505998916644,7423.682848479918,-1867.682848479918
374,2021-03-11,Indonesia,5144,117,8170,-3143,1403722,38049,1224603,141070,0,6415.8877635008685,-1271.8877635008685,187.24200479913333,-70.24200479913333,7050.146278783935,1119.8537212160654
375,2021-03-12,Indonesia,6412,180,6851,-619,1410134,38229,1231454,140451,1,6161.510210800695,250.48978919930505,173.19360383930666,6.806396160693339,7274.117023027148,-423.1170230271482
376,2021-03-13,Indonesia,4607,100,6016,-1509,1414741,38329,1237470,138942,0,6211.608168640556,-1604.608168640556,174.55488307144535,-74.55488307144535,7189.493618421719,-1173.4936184217186
377,2021-03-14,Indonesia,4714,97,5647,-1030,1419455,38426,1243117,137912,1,5890.6865349124455,-1176.6865349124455,159.64390645715628,-62.64390645715628,6954.794894737375,-1307.7948947373752
378,2021-03-15,Indonesia,5589,147,6830,-1388,1425044,38573,1249947,136524,1,5655.349227929957,-66.34922792995712,147.11512516572503,-0.11512516572503273,6693.235915789901,136.7640842100991
379,2021-03-16,Indonesia,5414,180,7716,-2482,1430458,38753,1257663,134042,0,5642.079382343966,-228.07938234396624,147.09210013258004,32.90789986741996,6720.588732631921,995.4112673680793
380,2021-03-17,Indonesia,6825,162,9010,-2347,1437283,38915,1266673,131695,1,5596.463505875174,1228.5364941248263,153.67368010606404,8.32631989393596,6919.670986105537,2090.329013894463
381,2021-03-18,Indonesia,6570,227,6285,58,1443853,39142,1272958,131753,0,5842.170804700139,727.8291952998607,155.33894408485125,71.66105591514875,7337.73678888443,-1052.73678888443
382,2021-03-19,Indonesia,6279,197,6007,75,1450132,39339,1278965,131828,0,5987.736643760111,291.2633562398887,169.671155267881,27.328844732118995,7127.189431107545,-1120.1894311075448
383,2021-03-20,Indonesia,5656,108,5760,-212,1455788,39447,1284725,131616,0,6045.98931500809,-389.98931500808976,175.13692421430483,-67.13692421430483,6903.1515448860355,-1143.1515448860355
384,2021-03-21,Indonesia,4396,103,6065,-1772,1460184,39550,1290790,129844,0,5967.991452006472,-1571.9914520064722,161.70953937144387,-58.70953937144387,6674.521235908829,-609.5212359088291
385,2021-03-22,Indonesia,5744,161,7177,-1594,1465928,39711,1297967,128250,1,5653.593161605178,90.40683839482244,149.96763149715508,11.032368502844918,6552.6169887270635,624.3830112729365
386,2021-03-23,Indonesia,5297,154,6954,-1811,1471225,39865,1304921,126439,0,5671.674529284142,-374.6745292841424,152.1741051977241,1.8258948022759114,6677.49359098165,276.5064090183496
387,2021-03-24,Indonesia,5227,118,7622,-2513,1476452,39983,1312543,123926,0,5596.739623427315,-369.73962342731465,152.53928415817927,-34.53928415817927,6732.794872785321,889.2051272146791
388,2021-03-25,Indonesia,6107,98,4656,1353,1482559,40081,1317199,125279,1,5522.791698741852,584.2083012581479,145.63142732654342,-47.63142732654342,6910.635898228256,-2254.6358982282563
389,2021-03-26,Indonesia,4982,85,5679,-782,1487541,40166,1322878,124497,0,5639.633358993482,-657.633358993482,136.10514186123473,-51.10514186123473,6459.708718582605,-780.7087185826049
390,2021-03-27,Indonesia,4461,198,4243,20,1492002,40364,1327121,124517,0,5508.106687194786,-1047.106687194786,125.8841134889878,72.1158865110122,6303.566974866085,-2060.566974866085
391,2021-03-28,Indonesia,4083,85,4279,-281,1496085,40449,1331400,124236,0,5298.685349755829,-1215.6853497558286,140.30729079119024,-55.30729079119024,5891.453579892868,-1612.4535798928682
392,2021-03-29,Indonesia,5008,132,5418,-542,1501093,40581,1336818,123694,1,5055.548279804663,-47.54827980466325,129.24583263295222,2.754167367047785,5568.962863914295,-150.96286391429476
393,2021-03-30,Indonesia,4682,173,5877,-1368,1505775,40754,1342695,122326,0,5046.038623843731,-364.03862384373133,129.79666610636178,43.20333389363822,5538.770291131436,338.22970886856365
394,2021-03-31,Indonesia,5937,104,5635,198,1511712,40858,1348330,122524,1,4973.230899074985,963.7691009250148,138.43733288508943,-34.43733288508943,5606.416232905149,28.583767094851282
395,2021-04-01,Indonesia,6142,196,7248,-1302,1517854,41054,1355578,121222,1,5165.984719259988,976.0152807400118,131.54986630807156,64.45013369192844,5612.132986324119,1635.867013675881
396,2021-04-02,Indonesia,5325,97,5439,-211,1523179,41151,1361017,121011,0,5361.187775407991,-36.18777540799056,144.43989304645726,-47.43989304645726,5939.306389059296,-500.3063890592957
397,2021-04-03,Indonesia,4345,91,5197,-943,1527524,41242,1366214,120068,0,5353.950220326393,-1008.9502203263928,134.9519144371658,-43.95191443716581,5839.245111247437,-642.2451112474373
398,2021-04-04,Indonesia,6731,427,9663,-3359,1534255,41669,1375877,116709,1,5152.160176261114,1578.8398237388856,126.16153154973266,300.8384684502673,5710.7960889979495,3952.2039110020505
399,2021-04-05,Indonesia,3712,146,5800,-2234,1537967,41815,1381677,114475,0,5467.9281410088915,-1755.9281410088915,186.32922523978613,-40.329225239786126,6501.23687119836,-701.23687119836
400,2021-04-06,Indonesia,4549,162,4296,91,1542516,41977,1385973,114566,1,5116.742512807114,-567.7425128071136,178.2633801918289,-16.2633801918289,6360.9894969586885,-2064.9894969586885
401,2021-04-07,Indonesia,4860,87,5769,-996,1547376,42064,1391742,113570,1,5003.194010245691,-143.19401024569106,175.01070415346314,-88.01070415346314,5947.991597566951,-178.991597566951
402,2021-04-08,Indonesia,5504,163,7640,-2299,1552880,42227,1399382,111271,1,4974.5552081965525,529.4447918034475,157.40856332277053,5.591436677229467,5912.193278053561,1727.8067219464392
403,2021-04-09,Indonesia,5265,121,6277,-1133,1558145,42348,1405659,110138,0,5080.444166557242,184.55583344275783,158.52685065821643,-37.52685065821643,6257.754622442849,19.245377557151187
404,2021-04-10,Indonesia,4723,95,3629,999,1562868,42443,1409288,111137,0,5117.355333245794,-394.3553332457941,151.02148052657316,-56.02148052657316,6261.603697954279,-2632.6036979542787
405,2021-04-11,Indonesia,4127,87,5219,-1179,1566995,42530,1414507,109958,0,5038.484266596635,-911.4842665966353,139.81718442125853,-52.81718442125853,5735.082958363423,-516.0829583634231
406,2021-04-12,Indonesia,4829,126,5289,-586,1571824,42656,1419796,109372,1,4856.187413277308,-27.187413277308224,129.25374753700683,-3.2537475370068307,5631.866366690739,-342.8663666907387
407,2021-04-13,Indonesia,5702,126,6349,-773,1577526,42782,1426145,108599,1,4850.749930621847,851.2500693781531,128.6029980296055,-2.6029980296054873,5563.293093352591,785.7069066474087
408,2021-04-14,Indonesia,5656,124,5747,-215,1583182,42906,1431892,108384,0,5020.999944497478,635.0000555025217,128.0823984236844,-4.0823984236843955,5720.434474682073,26.565525317926586
409,2021-04-15,Indonesia,6177,167,6362,-352,1589359,43073,1438254,108032,1,5147.999955597983,1029.000044402017,127.26591873894752,39.73408126105248,5725.747579745659,636.2524202543409
410,2021-04-16,Indonesia,5363,123,5975,-735,1594722,43196,1444229,107297,0,5353.799964478387,9.200035521613245,135.21273499115802,-12.212734991158015,5852.998063796527,122.00193620347272
411,2021-04-17,Indonesia,5041,132,5963,-1054,1599763,43328,1450192,106243,0,5355.63997158271,-314.63997158271013,132.77018799292642,-0.7701879929264237,5877.398451037222,85.601548962778
412,2021-04-18,Indonesia,4585,96,4873,-384,1604348,43424,1455065,105859,0,5292.711977266168,-707.7119772661681,132.61615039434113,-36.61615039434113,5894.518760829778,-1021.5187608297783
413,2021-04-19,Indonesia,4952,143,6349,-1540,1609300,43567,1461414,104319,1,5151.169581812935,-199.16958181293467,125.29292031547291,17.707079684527088,5690.215008663823,658.784991336177
414,2021-04-20,Indonesia,5549,210,6728,-1389,1614849,43777,1468142,102930,1,5111.335665450348,437.66433454965227,128.83433625237834,81.16566374762166,5821.972006931059,906.0279930689412
415,2021-04-21,Indonesia,5720,230,7314,-1824,1620569,44007,1475456,101106,1,5198.868532360279,521.1314676397214,145.06746900190268,84.93253099809732,6003.177605544847,1310.8223944551528
416,2021-04-22,Indonesia,6243,165,5993,85,1626812,44172,1481449,101191,1,5303.094825888223,939.9051741117773,162.05397520152215,2.9460247984778505,6265.342084435878,-272.34208443587795
417,2021-04-23,Indonesia,5436,174,5920,-658,1632248,44346,1487369,100533,0,5491.075860710579,-55.075860710579036,162.6431801612177,11.356819838782286,6210.873667548703,-290.87366754870345
418,2021-04-24,Indonesia,4544,154,4953,-563,1636792,44500,1492322,99970,0,5480.060688568463,-936.0606885684629,164.9145441289742,-10.9145441289742,6152.698934038963,-1199.6989340389628
419,2021-04-25,Indonesia,4402,94,3804,504,1641194,44594,1496126,100474,0,5292.848550854771,-890.848550854771,162.7316353031794,-68.73163530317939,5912.759147231171,-2108.7591472311706
420,2021-04-26,Indonesia,5944,177,5589,178,1647138,44771,1501715,100652,1,5114.678840683817,829.3211593161832,148.98530824254354,28.01469175745646,5491.007317784937,97.99268221506281
421,2021-04-27,Indonesia,4656,168,4884,-396,1651794,44939,1506599,100256,0,5280.543072547053,-624.5430725470533,154.58824659403484,13.411753405965158,5510.60585422795,-626.6058542279497
422,2021-04-28,Indonesia,5241,177,4818,246,1657035,45116,1511417,100502,1,5155.634458037643,85.36554196235738,157.27059727522789,19.729402724772115,5385.2846833823605,-567.2846833823605
423,2021-04-29,Indonesia,5833,218,6015,-400,1662868,45334,1517432,100102,1,5172.707566430114,660.2924335698863,161.21647782018232,56.78352217981768,5271.827746705889,743.1722532941112
424,2021-04-30,Indonesia,5500,187,5202,111,1668368,45521,1522634,100213,0,5304.7660531440915,195.23394685590847,172.57318225614586,14.426817743854144,5420.462197364711,-218.46219736471085
425,2021-05-01,Indonesia,4512,131,4344,37,1672880,45652,1526978,100250,0,5343.812842515274,-831.8128425152736,175.4585458049167,-44.458545804916696,5376.769757891769,-1032.7697578917687
426,2021-05-02,Indonesia,4394,144,3740,510,1677274,45796,1530718,100760,0,5177.450274012219,-783.4502740122189,166.56683664393336,-22.566836643933357,5170.215806313416,-1430.2158063134157
427,2021-05-03,Indonesia,4730,153,4773,-196,1682004,45949,1535491,100564,1,5020.760219209776,-290.76021920977564,162.0534693151467,-9.053469315146714,4884.172645050733,-111.17264505073308
428,2021-05-04,Indonesia,4369,188,5658,-1477,1686373,46137,1541149,99087,0,4962.608175367821,-593.6081753678209,160.24277545211737,27.75722454788263,4861.9381160405865,796.0618839594135
429,2021-05-05,Indonesia,5285,212,5943,-870,1691658,46349,1547092,98217,1,4843.8865402942565,441.1134597057435,165.7942203616939,46.2057796383061,5021.150492832469,921.8495071675306
430,2021-05-06,Indonesia,5647,147,5440,60,1697305,46496,1552532,98277,1,4932.109232235405,714.8907677645948,175.03537628935513,-28.035376289355128,5205.5203942659755,234.47960573402452
431,2021-05-07,Indonesia,6327,167,5891,269,1703632,46663,1558423,98546,1,5075.087385788324,1251.9126142116756,169.42830103148412,-2.428301031484125,5252.416315412781,638.5836845872191
432,2021-05-08,Indonesia,6130,179,5494,457,1709762,46842,1563917,99003,0,5325.469908630659,804.5300913693409,168.9426408251873,10.057359174812689,5380.133052330225,113.86694766977507
433,2021-05-09,Indonesia,3922,170,4360,-608,1713684,47012,1568277,98395,0,5486.375926904528,-1564.3759269045277,170.95411266014986,-0.9541126601498604,5402.90644186418,-1042.9064418641801
434,2021-05-10,Indonesia,4891,206,6338,-1653,1718575,47218,1574615,96742,1,5173.500741523623,-282.5007415236232,170.7632901281199,35.236709871880095,5194.325153491344,1143.6748465086557
435,2021-05-11,Indonesia,5021,247,5592,-818,1723596,47465,1580207,95924,1,5117.000593218899,-96.00059321889876,177.81063210249596,69.18936789750404,5423.060122793076,168.9398772069244
436,2021-05-12,Indonesia,4608,152,4671,-215,1728204,47617,1584878,95709,0,5097.80047457512,-489.80047457511955,191.64850568199677,-39.64850568199677,5456.848098234461,-785.8480982344608
437,2021-05-13,Indonesia,3448,99,4201,-852,1731652,47716,1589079,94857,0,4999.840379660096,-1551.840379660096,183.71880454559744,-84.71880454559744,5299.678478587569,-1098.6784785875689
438,2021-05-14,Indonesia,2633,107,3807,-1281,1734285,47823,1592886,93576,0,4689.472303728077,-2056.4723037280773,166.77504363647796,-59.77504363647796,5079.942782870055,-1272.9427828700555
439,2021-05-15,Indonesia,2385,144,4181,-1940,1736670,47967,1597067,91636,0,4278.177842982463,-1893.1778429824626,154.82003490918237,-10.820034909182368,4825.3542262960445,-644.3542262960445
440,2021-05-16,Indonesia,3080,126,3790,-836,1739750,48093,1600857,90800,1,3899.5422743859704,-819.5422743859704,152.65602792734592,-26.656027927345917,4696.483381036835,-906.4833810368355
441,2021-05-17,Indonesia,4295,212,5754,-1671,1744045,48305,1606611,89129,1,3735.6338195087765,559.3661804912235,147.32482234187674,64.67517765812326,4515.186704829468,1238.813295170532
442,2021-05-18,Indonesia,4185,172,5628,-1615,1748230,48477,1612239,87514,0,3847.5070556070214,337.49294439297864,160.2598578735014,11.740142126498597,4762.949363863575,865.050636136425
443,2021-05-19,Indonesia,4871,192,4364,315,1753101,48669,1616603,87829,1,3915.0056444856173,955.9943555143827,162.60788629880113,29.392113701198866,4935.95949109086,-571.95949109086
444,2021-05-20,Indonesia,5797,218,4969,610,1758898,48887,1621572,88439,1,4106.204515588494,1690.7954844115056,168.48630903904092,49.51369096095908,4821.567592872688,147.43240712731222
445,2021-05-21,Indonesia,5746,186,4570,990,1764644,49073,1626142,89429,0,4444.3636124707955,1301.6363875292045,178.38904723123272,7.610952768767277,4851.05407429815,-281.0540742981502
446,2021-05-22,Indonesia,5296,132,3353,1811,1769940,49205,1629495,91240,0,4704.690889976637,591.3091100233632,179.9112377849862,-47.91123778498621,4794.84325943852,-1441.8432594385204
447,2021-05-23,Indonesia,5280,123,3550,1607,1775220,49328,1633045,92847,0,4822.952711981309,457.0472880186908,170.32899022798898,-47.32899022798898,4506.4746075508165,-956.4746075508165
448,2021-05-24,Indonesia,5907,127,5234,546,1781127,49455,1638279,93393,1,4914.362169585047,992.637830414953,160.86319218239117,-33.863192182391174,4315.179686040654,918.8203139593461
449,2021-05-25,Indonesia,5060,172,3795,1093,1786187,49627,1642074,94486,0,5112.889735668037,-52.88973566803725,154.09055374591296,17.909446254087044,4498.943748832523,-703.9437488325229
450,2021-05-26,Indonesia,5034,144,3189,1701,1791221,49771,1645263,96187,0,5102.31178853443,-68.31178853442998,157.67244299673038,-13.672442996730382,4358.154999066019,-1169.1549990660187
451,2021-05-27,Indonesia,6278,136,3924,2218,1797499,49907,1649187,98405,1,5088.649430827544,1189.3505691724558,154.93795439738432,-18.937954397384317,4124.323999252815,-200.32399925281516
452,2021-05-28,Indonesia,5862,193,5370,299,1803361,50100,1654557,98704,0,5326.5195446620355,535.4804553379645,151.15036351790746,41.849636482092535,4084.2591994022523,1285.7408005977477
453,2021-05-29,Indonesia,6565,162,5417,986,1809926,50262,1659974,99690,1,5433.6156357296295,1131.3843642703705,159.520290814326,2.479709185674011,4341.4073595218015,1075.5926404781985
454,2021-05-30,Indonesia,6115,142,4024,1949,1816041,50404,1663998,101639,0,5659.892508583704,455.1074914162964,160.0162326514608,-18.016232651460797,4556.525887617441,-532.5258876174412
455,2021-05-31,Indonesia,5662,174,5121,367,1821703,50578,1669119,102006,0,5750.914006866963,-88.91400686696306,156.41298612116864,17.587013878831357,4450.020710093953,670.9792899060467
456,2021-06-01,Indonesia,4824,145,5360,-681,1826527,50723,1674479,101325,0,5733.1312054935715,-909.1312054935715,159.93038889693491,-14.930388896934915,4584.216568075163,775.7834319248368
457,2021-06-02,Indonesia,5246,185,6022,-961,1831773,50908,1680501,100364,1,5551.304964394858,-305.30496439485796,156.94431111754795,28.055688882452046,4739.373254460131,1282.6267455398693
458,2021-06-03,Indonesia,5353,187,11092,-5926,1837126,51095,1691593,94438,1,5490.243971515886,-137.2439715158862,162.55544889403836,24.444551105961636,4995.898603568105,6096.101396431895
459,2021-06-04,Indonesia,6486,201,5950,335,1843612,51296,1697543,94773,1,5462.79517721271,1023.2048227872901,167.4443591152307,33.5556408847693,6215.118882854484,-265.1188828544837
460,2021-06-05,Indonesia,6594,153,4241,2200,1850206,51449,1701784,96973,1,5667.4361417701675,926.5638582298325,174.15548729218455,-21.155487292184546,6162.0951062835875,-1921.0951062835875
461,2021-06-06,Indonesia,5832,163,4187,1482,1856038,51612,1705971,98455,0,5852.748913416134,-20.7489134161342,169.92438983374763,-6.924389833747625,5777.87608502687,-1590.87608502687
462,2021-06-07,Indonesia,6993,191,5594,1208,1863031,51803,1711565,99663,1,5848.599130732908,1144.4008692670923,168.5395118669981,22.46048813300189,5459.700868021497,134.29913197850328
463,2021-06-08,Indonesia,6294,189,5805,300,1869325,51992,1717370,99963,0,6077.479304586327,216.5206954136729,173.03160949359852,15.968390506401477,5486.560694417198,318.43930558280226
464,2021-06-09,Indonesia,7725,170,5883,1672,1877050,52162,1723253,101635,1,6120.783443669062,1604.2165563309381,176.22528759487884,-6.225287594878836,5550.248555533758,332.751444466242
465,2021-06-10,Indonesia,8892,211,5661,3020,1885942,52373,1728914,104655,1,6441.62675493525,2450.3732450647503,174.98023007590308,36.01976992409692,5616.798844427007,44.20115557299323
466,2021-06-11,Indonesia,8083,193,6230,1660,1894025,52566,1735144,106315,0,6931.7014039482,1151.2985960518,182.1841840607225,10.815815939277513,5625.639075541605,604.360924458395
467,2021-06-12,Indonesia,7465,164,5292,2009,1901490,52730,1740436,108324,0,7161.96112315856,303.03887684143956,184.347347248578,-20.34734724857799,5746.511260433284,-454.5112604332844
468,2021-06-13,Indonesia,9868,149,4655,5064,1911358,52879,1745091,113388,1,7222.568898526849,2645.431101473151,180.27787779886242,-31.27787779886242,5655.609008346628,-1000.6090083466279
469,2021-06-14,Indonesia,8189,237,6143,1809,1919547,53116,1751234,115197,0,7751.65511882148,437.34488117852015,174.02230223908995,62.97769776091005,5455.487206677302,687.5127933226977
470,2021-06-15,Indonesia,8161,164,6407,1590,1927708,53280,1757641,116787,0,7839.124095057185,321.8759049428154,186.61784179127199,-22.617841791271985,5592.989765341842,814.010234658158
471,2021-06-16,Indonesia,9944,196,6229,3519,1937652,53476,1763870,120306,1,7903.499276045748,2040.500723954252,182.0942734330176,13.905726566982395,5755.791812273474,473.2081877265264
472,2021-06-17,Indonesia,12624,277,7350,4997,1950276,53753,1771220,125303,1,8311.5994208366,4312.400579163401,184.87541874641408,92.12458125358592,5850.433449818779,1499.566550181221
473,2021-06-18,Indonesia,12990,290,7907,4793,1963266,54043,1779127,130096,1,9174.07953666928,3815.92046333072,203.30033499713127,86.69966500286873,6150.346759855023,1756.6532401449767
474,2021-06-19,Indonesia,12906,248,7016,5642,1976172,54291,1786143,135738,0,9937.263629335424,2968.7363706645756,220.64026799770502,27.359732002294976,6501.677407884019,514.322592115981
475,2021-06-20,Indonesia,13737,371,6385,6981,1989909,54662,1792528,142719,1,10531.010903468341,3205.989096531659,226.112214398164,144.887785601836,6604.541926307215,-219.54192630721536
476,2021-06-21,Indonesia,14536,294,9233,5009,2004445,54956,1801761,147728,1,11172.208722774672,3363.7912772253276,255.08977151853122,38.91022848146878,6560.633541045772,2672.3664589542277
477,2021-06-22,Indonesia,13668,335,8375,4958,2018113,55291,1810136,152686,0,11844.96697821974,1823.0330217802602,262.871817214825,72.128182785175,7095.106832836618,1279.8931671633818
478,2021-06-23,Indonesia,15308,303,7167,7838,2033421,55594,1817303,160524,1,12209.573582575793,3098.426417424207,277.29745377186,25.702546228140022,7351.085466269295,-184.08546626929456
479,2021-06-24,Indonesia,20574,355,9201,11018,2053995,55949,1826504,171542,1,12829.258866060634,7744.741133939366,282.437963017488,72.56203698251198,7314.268373015437,1886.7316269845633
480,2021-06-25,Indonesia,18872,422,8557,9893,2072867,56371,1835061,181435,0,14378.207092848508,4493.792907151492,296.9503704139904,125.04962958600959,7691.61469841235,865.3853015876502
481,2021-06-26,Indonesia,21095,358,7396,13341,2093962,56729,1842457,194776,1,15276.965674278807,5818.034325721193,321.96029633119235,36.03970366880765,7864.691758729879,-468.69175872987944
482,2021-06-27,Indonesia,21342,409,8024,12909,2115304,57138,1850481,207685,1,16440.572539423047,4901.427460576953,329.1682370649539,79.83176293504607,7770.953406983904,253.04659301609627
483,2021-06-28,Indonesia,20694,423,9480,10791,2135998,57561,1859961,218476,0,17420.85803153844,3273.141968461561,345.13458965196315,77.86541034803685,7821.562725587123,1658.4372744128768
484,2021-06-29,Indonesia,20467,463,9645,10359,2156465,58024,1869606,228835,0,18075.486425230753,2391.5135747692475,360.70767172157053,102.29232827842947,8153.2501804696985,1491.7498195303015
485,2021-06-30,Indonesia,21807,467,10807,10533,2178272,58491,1880413,239368,1,18553.789140184603,3253.2108598153973,381.16613737725646,85.83386262274354,8451.60014437576,2355.3998556242404
486,2021-07-01,Indonesia,24836,504,9874,14458,2203108,58995,1890287,253826,1,19204.431312147684,5631.568687852316,398.33290990180524,105.66709009819476,8922.680115500609,951.3198844993913
487,2021-07-02,Indonesia,25830,539,11578,13713,2228938,59534,1901865,267539,1,20330.74504971815,5499.254950281851,419.46632792144425,119.53367207855575,9112.944092400488,2465.0559075995116
488,2021-07-03,Indonesia,27913,493,13282,14138,2256851,60027,1915147,281677,1,21430.596039774522,6482.403960225478,443.37306233715543,49.62693766284457,9605.955273920392,3676.044726079608
489,2021-07-04,Indonesia,27233,555,13127,13551,2284084,60582,1928274,295228,0,22727.07683181962,4505.923168180379,453.2984498697244,101.70155013027562,10341.164219136313,2785.8357808636865
490,2021-07-05,Indonesia,29745,558,14416,14771,2313829,61140,1942690,309999,1,23628.261465455696,6116.738534544304,473.6387598957795,84.36124010422049,10898.331375309052,3517.6686246909485
491,2021-07-06,Indonesia,31189,728,15863,14598,2345018,61868,1958553,324597,1,24851.60917236456,6337.390827635441,490.51100791662367,237.48899208337633,11601.865100247242,4261.134899752758
492,2021-07-07,Indonesia,34379,1040,14835,18504,2379397,62908,1973388,343101,1,26119.087337891648,8259.912662108352,538.0088063332989,501.99119366670107,12454.092080197794,2380.9079198022064
493,2021-07-08,Indonesia,38391,852,21185,16354,2417788,63760,1994573,359455,1,27771.06987031332,10619.93012968668,638.4070450666392,213.59295493336083,12930.273664158236,8254.726335841764
494,2021-07-09,Indonesia,38124,871,28975,8278,2455912,64631,2023548,367733,0,29895.05589625066,8228.944103749342,681.1256360533114,189.87436394668862,14581.21893132659,14393.78106867341
495,2021-07-10,Indonesia,35094,826,28561,5707,2491006,65457,2052109,373440,0,31540.844717000527,3553.1552829994725,719.1005088426492,106.89949115735078,17459.975145061275,11101.024854938725
496,2021-07-11,Indonesia,36197,1007,32615,2575,2527203,66464,2084724,376015,1,32251.47577360042,3945.5242263995788,740.4804070741194,266.5195929258806,19680.18011604902,12934.819883950979
497,2021-07-12,Indonesia,40427,891,34754,4782,2567630,67355,2119478,380797,1,33040.58061888034,7386.41938111966,793.7843256592955,97.21567434070448,22267.14409283922,12486.855907160781
498,2021-07-13,Indonesia,47899,864,20123,26912,2615529,68219,2139601,407709,1,34517.86449510427,13381.135504895727,813.2274605274365,50.772539472563494,24764.515274271376,-4641.515274271376
499,2021-07-14,Indonesia,54517,991,17762,35764,2670046,69210,2157363,443473,1,37194.091596083425,17322.908403916575,823.3819684219493,167.6180315780507,23836.212219417102,-6074.2122194171025
500,2021-07-15,Indonesia,56757,982,19049,36726,2726803,70192,2176412,480199,1,40658.67327686674,16098.326723133257,856.9055747375595,125.0944252624405,22621.369775533683,-3572.3697755336834
501,2021-07-16,Indonesia,54000,1205,28079,24716,2780803,71397,2204491,504915,0,43878.3386214934,10121.6613785066,881.9244597900476,323.07554020995235,21906.895820426947,6172.1041795730525
502,2021-07-17,Indonesia,51952,1092,27903,22957,2832755,72489,2232394,527872,0,45902.67089719472,6049.329102805277,946.5395678320382,145.4604321679618,23141.316656341558,4761.683343658442
503,2021-07-18,Indonesia,44721,1093,29264,14364,2877476,73582,2261658,542236,0,47112.53671775578,-2391.536717755778,975.6316542656306,117.36834573436943,24093.653325073246,5170.346674926754
504,2021-07-19,Indonesia,34257,1338,32217,702,2911733,74920,2293875,542938,0,46634.22937420463,-12377.229374204631,999.1053234125045,338.8946765874955,25127.722660058596,7089.277339941404
505,2021-07-20,Indonesia,38325,1280,29791,7254,2950058,76200,2323666,550192,1,44158.78349936371,-5833.783499363708,1066.8842587300037,213.1157412699963,26545.57812804688,3245.42187195312
506,2021-07-21,Indonesia,33772,1383,32887,-498,2983830,77583,2356553,549694,0,42992.02679949097,-9220.026799490966,1109.507406984003,273.49259301599704,27194.662502437506,5692.337497562494
507,2021-07-22,Indonesia,49509,1449,36370,11690,3033339,79032,2392923,561384,1,41148.021439592776,8360.978560407224,1164.2059255872023,284.7940744127977,28333.13000195001,8036.869998049991
508,2021-07-23,Indonesia,49071,1566,38988,8517,3082410,80598,2431911,569901,0,42820.217151674224,6250.782848325776,1221.164740469762,344.8352595302381,29940.50400156001,9047.49599843999
509,2021-07-24,Indonesia,45416,1415,39767,4234,3127826,82013,2471678,574135,0,44070.373721339376,1345.626278660624,1290.1317923758097,124.86820762419029,31750.003201248008,8016.996798751992
510,2021-07-25,Indonesia,38679,1266,37640,-227,3166505,83279,2509318,573908,0,44339.498977071504,-5660.498977071504,1315.1054339006478,-49.10543390064777,33353.40256099841,4286.597439001591
511,2021-07-26,Indonesia,28228,1487,40374,-13633,3194733,84766,2549692,560275,0,43207.39918165721,-14979.399181657209,1305.2843471205183,181.7156528794817,34210.72204879873,6163.277951201271
512,2021-07-27,Indonesia,45203,2069,47128,-3994,3239936,86835,2596820,556281,1,40211.51934532577,4991.480654674233,1341.6274776964149,727.3725223035851,35443.37763903898,11684.622360961017
513,2021-07-28,Indonesia,47791,1824,43856,2111,3287727,88659,2640676,558392,1,41209.815476260614,6581.184523739386,1487.101982157132,336.89801784286806,37780.30211123119,6075.697888768809
514,2021-07-29,Indonesia,43479,1893,45494,-3908,3331206,90552,2686170,554484,0,42526.0523810085,952.9476189915003,1554.4815857257056,338.5184142742944,38995.44168898495,6498.558311015047
515,2021-07-30,Indonesia,41168,1759,44550,-5141,3372374,92311,2730720,549343,0,42716.641904806806,-1548.6419048068055,1622.1852685805648,136.81473141943525,40295.15335118797,4254.846648812032
516,2021-07-31,Indonesia,37284,1808,39372,-3896,3409658,94119,2770092,545447,0,42406.91352384545,-5122.913523845447,1649.548214864452,158.4517851355481,41146.12268095037,-1774.1226809503714
517,2021-08-01,Indonesia,30738,1604,39446,-10312,3440396,95723,2809538,535135,0,41382.330819076364,-10644.330819076364,1681.2385718915616,-77.2385718915616,40791.2981447603,-1345.2981447603015
518,2021-08-02,Indonesia,22404,1568,32807,-11971,3462800,97291,2842345,523164,0,39253.464655261094,-16849.464655261094,1665.7908575132494,-97.79085751324942,40522.23851580825,-7715.238515808247
519,2021-08-03,Indonesia,33900,1598,31324,978,3496700,98889,2873669,524142,1,35883.57172420888,-1983.5717242088795,1646.2326860105995,-48.23268601059954,38979.1908126466,-7655.1908126466005
520,2021-08-04,Indonesia,35867,1747,34251,-131,3532567,100636,2907920,524011,1,35486.85737936711,380.1426206328906,1636.5861488084797,110.41385119152028,37448.152650117285,-3197.152650117285
521,2021-08-05,Indonesia,35764,1739,39726,-5701,3568331,102375,2947646,518310,0,35562.88590349369,201.11409650630958,1658.668919046784,80.33108095321609,36808.72212009383,2917.2778799061707
522,2021-08-06,Indonesia,39532,1635,48832,-10935,3607863,104010,2996478,507375,1,35603.108722794954,3928.891277205046,1674.7351352374271,-39.73513523742713,37392.177696075065,11439.822303924935
523,2021-08-07,Indonesia,31753,1588,39716,-9551,3639616,105598,3036194,497824,0,36388.88697823596,-4635.886978235962,1666.7881081899418,-78.7881081899418,39680.142156860056,35.857843139943725
524,2021-08-08,Indonesia,26415,1498,48508,-23591,3666031,107096,3084702,474233,0,35461.70958258877,-9046.709582588774,1651.0304865519533,-153.03048655195335,39687.31372548804,8820.686274511958
525,2021-08-09,Indonesia,20709,1475,44959,-25725,3686740,108571,3129661,448508,0,33652.36766607102,-12943.367666071019,1620.424389241563,-145.42438924156295,41451.45098039044,3507.5490196095634
526,2021-08-10,Indonesia,32081,2048,41486,-11453,3718821,110619,3171147,437055,1,31063.694132856817,1017.3058671431827,1591.3395113932504,456.6604886067496,42152.96078431235,-666.9607843123522
527,2021-08-11,Indonesia,30625,1579,39931,-10885,3749446,112198,3211078,426170,0,31267.155306285455,-642.1553062854546,1682.6716091146004,-103.67160911460041,42019.56862744989,-2088.5686274498876
528,2021-08-12,Indonesia,24709,1466,36637,-13394,3774155,113664,3247715,412776,0,31138.724245028367,-6429.724245028367,1661.9372872916804,-195.93728729168038,41601.854901959916,-4964.854901959916
529,2021-08-13,Indonesia,30788,1432,42003,-12647,3804943,115096,3289718,400129,1,29852.779396022695,935.2206039773046,1622.7498298333444,-190.7498298333444,40608.88392156793,1394.1160784320673
530,2021-08-14,Indonesia,28598,1270,31880,-4552,3833541,116366,3321598,395577,0,30039.823516818156,-1441.8235168181563,1584.5998638666756,-314.5998638666756,40887.70713725435,-9007.70713725435
531,2021-08-15,Indonesia,20813,1222,30361,-10770,3854354,117588,3351959,384807,0,29751.458813454527,-8938.458813454527,1521.6798910933405,-299.67989109334053,39086.16570980348,-8725.165709803478
532,2021-08-16,Indonesia,17384,1245,29925,-13786,3871738,118833,3381884,371021,0,27963.76705076362,-10579.767050763621,1461.7439128746726,-216.74391287467256,37341.13256784278,-7416.132567842782
533,2021-08-17,Indonesia,20741,1180,32225,-12664,3892479,120013,3414109,358357,1,25847.813640610897,-5106.813640610897,1418.3951302997382,-238.39513029973818,35857.90605427422,-3632.9060542742227
534,2021-08-18,Indonesia,15768,1128,29794,-15154,3908247,121141,3443903,343203,0,24826.45091248872,-9058.450912488719,1370.7161042397906,-242.71610423979064,35131.32484341938,-5337.324843419381
535,2021-08-19,Indonesia,22053,1492,29012,-8451,3930300,122633,3472915,334752,1,23014.76072999098,-961.7607299909796,1322.1728833918328,169.82711660816722,34063.859874735506,-5051.859874735506
536,2021-08-20,Indonesia,20004,1348,26122,-7466,3950304,123981,3499037,327286,0,22822.408583992787,-2818.4085839927866,1356.1383067134664,-8.138306713466363,33053.48789978841,-6931.487899788408
537,2021-08-21,Indonesia,16744,1361,23011,-7628,3967048,125342,3522048,319658,0,22258.72686719423,-5514.726867194229,1354.510645370773,6.489354629226909,31667.19031983073,-8656.19031983073
538,2021-08-22,Indonesia,12408,1030,24276,-12898,3979456,126372,3546324,306760,0,21155.781493755385,-8747.781493755385,1355.8085162966186,-325.80851629661856,29935.952255864588,-5659.952255864588
539,2021-08-23,Indonesia,9604,842,24758,-15996,3989060,127214,3571082,290764,0,19406.225195004306,-9802.225195004306,1290.6468130372948,-448.6468130372948,28803.961804691673,-4045.961804691673
540,2021-08-24,Indonesia,19106,1038,35082,-17014,4008166,128252,3606164,273750,1,17445.780156003446,1660.2198439965541,1200.917450429836,-162.91745042983598,27994.769443753343,7087.230556246657
541,2021-08-25,Indonesia,18671,1041,33703,-16073,4026837,129293,3639867,257677,0,17777.82412480276,893.1758751972411,1168.333960343869,-127.33396034386897,29412.215555002676,4290.784444997324
542,2021-08-26,Indonesia,16899,889,30099,-14089,4043736,130182,3669966,243588,0,17956.45929984221,-1057.4592998422086,1142.8671682750953,-253.8671682750953,30270.37244400214,-171.37244400213967
543,2021-08-27,Indonesia,12618,599,19290,-7271,4056354,130781,3689256,236317,0,17744.967439873766,-5126.967439873766,1092.0937346200762,-493.09373462007625,30236.097955201712,-10946.097955201712
544,2021-08-28,Indonesia,10050,591,18594,-9135,4066404,131372,3707850,227182,0,16719.573951899016,-6669.573951899016,993.4749876960611,-402.47498769606113,28046.87836416137,-9452.87836416137
545,2021-08-29,Indonesia,7427,551,16468,-9592,4073831,131923,3724318,217590,0,15385.659161519214,-7958.659161519214,912.979990156849,-361.979990156849,26156.302691329096,-9688.302691329096
546,2021-08-30,Indonesia,5436,568,19398,-14530,4079267,132491,3743716,203060,0,13793.927329215372,-8357.927329215372,840.5839921254793,-272.5839921254793,24218.64215306328,-4820.64215306328
547,2021-08-31,Indonesia,10534,532,16781,-6779,4089801,133023,3760497,196281,1,12122.3418633723,-1588.3418633722995,786.0671937003835,-254.06719370038354,23254.513722450625,-6473.513722450625
548,2021-09-01,Indonesia,10337,653,16394,-6710,4100138,133676,3776891,189571,0,11804.673490697842,-1467.6734906978418,735.2537549603069,-82.25375496030688,21959.8109779605,-5565.8109779605
549,2021-09-02,Indonesia,8955,680,21208,-12933,4109093,134356,3798099,176638,0,11511.138792558273,-2556.138792558273,718.8030039682455,-38.80300396824555,20846.6487823684,361.35121763159987
550,2021-09-03,Indonesia,7797,574,15544,-8321,4116890,134930,3813643,168317,0,10999.91103404662,-3202.9110340466195,711.0424031745964,-137.04240317459642,20918.91902589472,-5374.91902589472
551,2021-09-04,Indonesia,6727,539,13806,-7618,4123617,135469,3827449,160699,0,10359.328827237296,-3632.3288272372956,683.6339225396771,-144.6339225396771,19843.935220715775,-6037.935220715775
552,2021-09-05,Indonesia,5403,392,10191,-5180,4129020,135861,3837640,155519,0,9632.863061789836,-4229.863061789836,654.7071380317418,-262.7071380317418,18636.34817657262,-8445.348176572621
553,2021-09-06,Indonesia,4413,612,13049,-9248,4133433,136473,3850689,146271,0,8786.890449431869,-4373.890449431869,602.1657104253934,9.8342895746066,16947.278541258096,-3898.278541258096
554,2021-09-07,Indonesia,7201,683,14159,-7641,4140634,137156,3864848,138630,1,7912.112359545496,-711.1123595454956,604.1325683403147,78.86743165968528,16167.622833006477,-2008.6228330064769
555,2021-09-08,Indonesia,6731,626,11912,-5807,4147365,137782,3876760,132823,0,7769.889887636396,-1038.8898876363965,619.9060546722518,6.093945327748202,15765.898266405184,-3853.8982664051837
556,2021-09-09,Indonesia,5990,334,10650,-4994,4153355,138116,3887410,127829,0,7562.111910109117,-1572.1119101091172,621.1248437378015,-287.1248437378015,14995.118613124147,-4345.118613124147
557,2021-09-10,Indonesia,5376,315,14356,-9295,4158731,138431,3901766,118534,0,7247.689528087294,-1871.689528087294,563.6998749902411,-248.69987499024114,14126.094890499318,229.90510950068165
558,2021-09-11,Indonesia,5001,270,7586,-2855,4163732,138701,3909352,115679,0,6873.351622469835,-1872.351622469835,513.959899992193,-243.95989999219296,14172.075912399456,-6586.075912399456
559,2021-09-12,Indonesia,3779,188,9401,-5810,4167511,138889,3918753,109869,0,6498.881297975869,-2719.8812979758686,465.16791999375437,-277.16791999375437,12854.860729919566,-3453.8607299195664
560,2021-09-13,Indonesia,2577,276,12474,-10173,4170088,139165,3931227,99696,0,5954.905038380695,-3377.9050383806953,409.73433599500356,-133.73433599500356,12164.088583935654,309.91141606434576
561,2021-09-14,Indonesia,4128,250,11246,-7368,4174216,139415,3942473,92328,1,5279.324030704556,-1151.3240307045562,382.9874687960029,-132.98746879600287,12226.070867148523,-980.0708671485227
562,2021-09-15,Indonesia,3948,267,11046,-7365,4178164,139682,3953519,84963,0,5049.059224563645,-1101.0592245636453,356.3899750368023,-89.3899750368023,12030.05669371882,-984.0566937188196
563,2021-09-16,Indonesia,3145,237,14633,-11725,4181309,139919,3968152,73238,0,4828.847379650917,-1683.847379650917,338.5119800294418,-101.51198002944182,11833.245354975057,2799.754645024943
564,2021-09-17,Indonesia,3835,219,7912,-4296,4185144,140138,3976064,68942,1,4492.077903720734,-657.077903720734,318.2095840235535,-99.20958402355348,12393.196283980047,-4481.196283980047
565,2021-09-18,Indonesia,3385,185,7076,-3876,4188529,140323,3983140,65066,0,4360.662322976587,-975.6623229765873,298.36766721884277,-113.36766721884277,11496.957027184038,-4420.957027184038
566,2021-09-19,Indonesia,2234,145,6186,-4097,4190763,140468,3989326,60969,0,4165.52985838127,-1931.52985838127,275.6941337750742,-130.6941337750742,10612.765621747232,-4426.765621747232
567,2021-09-20,Indonesia,1932,166,6799,-5033,4192695,140634,3996125,55936,0,3779.2238867050164,-1847.2238867050164,249.55530702005936,-83.55530702005936,9727.412497397787,-2928.412497397787
568,2021-09-21,Indonesia,3263,171,6581,-3489,4195958,140805,4002706,52447,1,3409.7791093640135,-146.7791093640135,232.8442456160475,-61.84424561604749,9141.72999791823,-2560.72999791823
569,2021-09-22,Indonesia,2720,149,5356,-2785,4198678,140954,4008062,49662,0,3380.423287491211,-660.4232874912109,220.475396492838,-71.475396492838,8629.583998334585,-3273.583998334585
570,2021-09-23,Indonesia,2881,160,4386,-1665,4201559,141114,4012448,47997,1,3248.338629992969,-367.3386299929689,206.18031719427043,-46.18031719427043,7974.867198667668,-3588.867198667668
571,2021-09-24,Indonesia,2557,144,4607,-2194,4204116,141258,4017055,45803,0,3174.870903994375,-617.8709039943751,196.94425375541636,-52.944253755416355,7257.093758934135,-2650.0937589341347
572,2021-09-25,Indonesia,2137,123,3746,-1732,4206253,141381,4020801,44071,0,3051.2967231955004,-914.2967231955004,186.3554030043331,-63.35540300433311,6727.0750071473085,-2981.0750071473085
573,2021-09-26,Indonesia,1760,86,2976,-1302,4208013,141467,4023777,42769,0,2868.4373785564003,-1108.4373785564003,173.6843224034665,-87.6843224034665,6130.860005717847,-3154.8600057178473
574,2021-09-27,Indonesia,1390,118,3771,-2499,4209403,141585,4027548,40270,0,2646.7499028451202,-1256.7499028451202,156.14745792277319,-38.147457922773185,5499.888004574278,-1728.888004574278
575,2021-09-28,Indonesia,2057,124,3551,-1618,4211460,141709,4031099,38652,1,2395.3999222760963,-338.3999222760963,148.51796633821854,-24.517966338218542,5154.110403659422,-1603.1104036594224
576,2021-09-29,Indonesia,1954,117,3077,-1240,4213414,141826,4034176,37412,0,2327.719937820877,-373.719937820877,143.61437307057486,-26.614373070574857,4833.488322927538,-1756.4883229275383
577,2021-09-30,Indonesia,1690,113,2848,-1271,4215104,141939,4037024,36141,0,2252.9759502567017,-562.9759502567017,138.2914984564599,-25.29149845645989,4482.190658342031,-1634.1906583420314
578,2021-10-01,Indonesia,1624,87,2811,-1274,4216728,142026,4039835,34867,0,2140.380760205361,-516.3807602053612,133.2331987651679,-46.23319876516791,4155.352526673625,-1344.352526673625
579,2021-10-02,Indonesia,1414,89,2380,-1055,4218142,142115,4042215,33812,0,2037.104608164289,-623.104608164289,123.98655901213434,-34.986559012134336,3886.4820213389003,-1506.4820213389003
580,2021-10-03,Indonesia,1142,58,2020,-936,4219284,142173,4044235,32876,0,1912.4836865314312,-770.4836865314312,116.98924720970747,-58.98924720970747,3585.1856170711203,-1565.1856170711203
581,2021-10-04,Indonesia,922,88,2656,-1822,4220206,142261,4046891,31054,0,1758.3869492251451,-836.3869492251451,105.19139776776598,-17.191397767765977,3272.1484936568963,-616.1484936568963
582,2021-10-05,Indonesia,1404,77,2558,-1231,4221610,142338,4049449,29823,1,1591.1095593801163,-187.10955938011625,101.75311821421278,-24.753118214212776,3148.9187949255174,-590.9187949255174
583,2021-10-06,Indonesia,1484,75,2851,-1442,4223094,142413,4052300,28381,1,1553.687647504093,-69.68764750409309,96.80249457137023,-21.802494571370232,3030.735035940414,-179.73503594041404
584,2021-10-07,Indonesia,1393,81,1946,-634,4224487,142494,4054246,27747,0,1539.7501180032746,-146.75011800327457,92.44199565709619,-11.441995657096186,2994.7880287523312,-1048.7880287523312
585,2021-10-08,Indonesia,1384,66,3514,-2196,4225871,142560,4057760,25551,0,1510.4000944026197,-126.40009440261974,90.15359652567696,-24.15359652567696,2785.0304230018655,728.9695769981345
586,2021-10-09,Indonesia,1167,52,1507,-392,4227038,142612,4059267,25159,0,1485.1200755220957,-318.1200755220957,85.32287722054157,-33.32287722054157,2930.8243384014927,-1423.8243384014927
587,2021-10-10,Indonesia,894,39,1584,-729,4227932,142651,4060851,24430,0,1421.4960604176767,-527.4960604176767,78.65830177643326,-39.65830177643326,2646.0594707211944,-1062.0594707211944
588,2021-10-11,Indonesia,620,65,2444,-1889,4228552,142716,4063295,22541,0,1315.9968483341413,-695.9968483341413,70.72664142114661,-5.72664142114661,2433.647576576956,10.352423423044002
589,2021-10-12,Indonesia,1261,47,2130,-916,4229813,142763,4065425,21625,1,1176.797478667313,84.20252133268696,69.58131313691729,-22.581313136917288,2435.718061261565,-305.7180612615648
590,2021-10-13,Indonesia,1233,48,2259,-1074,4231046,142811,4067684,20551,0,1193.6379829338505,39.36201706614952,65.06505050953383,-17.065050509533833,2374.574449009252,-115.57444900925202
591,2021-10-14,Indonesia,1053,37,1715,-699,4232099,142848,4069399,19852,0,1201.5103863470804,-148.51038634708038,61.65204040762707,-24.65204040762707,2351.459559207402,-636.459559207402
592,2021-10-15,Indonesia,915,41,1408,-534,4233014,142889,4070807,19318,0,1171.8083090776645,-256.8083090776645,56.721632326101656,-15.721632326101656,2224.1676473659218,-816.1676473659218
593,2021-10-16,Indonesia,997,44,1525,-572,4234011,142933,4072332,18746,1,1120.4466472621316,-123.44664726213159,53.57730586088133,-9.577305860881332,2060.9341178927375,-535.9341178927375
594,2021-10-17,Indonesia,747,19,1086,-358,4234758,142952,4073418,18388,0,1095.7573178097055,-348.75731780970546,51.661844688705074,-32.661844688705074,1953.7472943141902,-867.7472943141902
595,2021-10-18,Indonesia,626,47,1593,-1014,4235384,142999,4075011,17374,0,1026.0058542477645,-400.00585424776455,45.12947575096406,1.8705242490359382,1780.1978354513524,-187.19783545135238
596,2021-10-19,Indonesia,903,50,1530,-677,4236287,143049,4076541,16697,1,946.0046833982117,-43.00468339821168,45.50358060077125,4.496419399228749,1742.7582683610822,-212.75826836108217
597,2021-10-20,Indonesia,914,28,1207,-321,4237201,143077,4077748,16376,1,937.4037467185694,-23.403746718569437,46.402864480617005,-18.402864480617005,1700.2066146888658,-493.2066146888658
598,2021-10-21,Indonesia,633,43,1372,-782,4237834,143120,4079120,15594,0,932.7229973748556,-299.7229973748556,42.722291584493604,0.277708415506396,1601.565291751093,-229.5652917510929
599,2021-10-22,Indonesia,760,33,1231,-504,4238594,143153,4080351,15090,1,872.7783978998846,-112.77839789988457,42.777833267594886,-9.777833267594886,1555.6522334008746,-324.6522334008746
600,2021-10-23,Indonesia,802,23,1066,-287,4239396,143176,4081417,14803,1,850.2227183199077,-48.2227183199077,40.822266614075915,-17.822266614075915,1490.7217867206998,-424.7217867206998
601,2021-10-24,Indonesia,623,29,1037,-443,4240019,143205,4082454,14360,0,840.5781746559262,-217.5781746559262,37.25781329126073,-8.257813291260732,1405.77742937656,-368.7774293765599
602,2021-10-25,Indonesia,460,30,1236,-806,4240479,143235,4083690,13554,0,797.062539724741,-337.062539724741,35.606250633008585,-5.606250633008585,1332.021943501248,-96.02194350124796
603,2021-10-26,Indonesia,611,35,1141,-565,4241090,143270,4084831,12989,1,729.6500317797928,-118.65003177979281,34.48500050640687,0.5149994935931304,1312.8175548009986,-171.81755480099855
604,2021-10-27,Indonesia,719,29,944,-254,4241809,143299,4085775,12735,1,705.9200254238343,13.079974576165682,34.5880004051255,-5.588000405125499,1278.454043840799,-334.45404384079893
605,2021-10-28,Indonesia,723,34,984,-295,4242532,143333,4086759,12440,1,708.5360203390676,14.46397966093241,33.470400324100396,0.529599675899604,1211.5632350726391,-227.56323507263915
606,2021-10-29,Indonesia,683,28,681,-26,4243215,143361,4087440,12414,0,711.4288162712542,-28.428816271254163,33.57632025928032,-5.5763202592803225,1166.0505880581113,-485.0505880581113
607,2021-10-30,Indonesia,620,27,698,-105,4243835,143388,4088138,12309,0,705.7430530170034,-85.74305301700338,32.46105620742426,-5.461056207424257,1069.040470446489,-371.04047044648905
608,2021-10-31,Indonesia,523,17,497,9,4244358,143405,4088635,12318,0,688.5944424136027,-165.59444241360268,31.36884496593941,-14.36884496593941,994.8323763571913,-497.83237635719127
609,2021-11-01,Indonesia,403,18,784,-399,4244761,143423,4089419,11919,0,655.4755539308821,-252.47555393088214,28.49507597275153,-10.495075972751529,895.2659010857531,-111.26590108575306
610,2021-11-02,Indonesia,612,34,868,-290,4245373,143457,4090287,11629,1,604.9804431447058,7.0195568552942404,26.396060778201225,7.603939221798775,873.0127208686024,-5.0127208686024005
611,2021-11-03,Indonesia,801,24,814,-37,4246174,143481,4091101,11592,1,606.3843545157646,194.61564548423542,27.91684862256098,-3.9168486225609804,872.010176694882,-58.010176694882034
612,2021-11-04,Indonesia,628,19,837,-228,4246802,143500,4091938,11364,0,645.3074836126117,-17.30748361261169,27.133478898048786,-8.133478898048786,860.4081413559056,-23.408141355905627
613,2021-11-05,Indonesia,518,19,648,-149,4247320,143519,4092586,11215,0,641.8459868900894,-123.84598689008942,25.50678311843903,-6.5067831184390315,855.7265130847245,-207.7265130847245
614,2021-11-06,Indonesia,401,15,622,-236,4247721,143534,4093208,10979,0,617.0767895120716,-216.07678951207163,24.205426494751226,-9.205426494751226,814.1812104677797,-192.1812104677797
615,2021-11-07,Indonesia,444,11,587,-154,4248165,143545,4093795,10825,1,573.8614316096573,-129.8614316096573,22.364341195800982,-11.364341195800982,775.7449683742237,-188.74496837422373
616,2021-11-08,Indonesia,244,12,1283,-1051,4248409,143557,4095078,9774,0,547.8891452877258,-303.8891452877258,20.091472956640786,-8.091472956640786,737.995974699379,545.004025300621
617,2021-11-09,Indonesia,434,21,585,-172,4248843,143578,4095663,9602,1,487.11131623018065,-53.11131623018065,18.473178365312627,2.526821634687373,846.9967797595032,-261.99677975950317
618,2021-11-10,Indonesia,480,14,531,-65,4249323,143592,4096194,9537,1,476.48905298414456,3.510947015855436,18.9785426922501,-4.978542692250102,794.5974238076026,-263.5974238076026
619,2021-11-11,Indonesia,435,16,470,-51,4249758,143608,4096664,9486,0,477.1912423873157,-42.1912423873157,17.98283415380008,-1.9828341538000807,741.8779390460821,-271.87793904608213
620,2021-11-12,Indonesia,399,20,560,-181,4250157,143628,4097224,9305,0,468.7529939098526,-69.75299390985259,17.586267323040065,2.4137326769599348,687.5023512368657,-127.5023512368657
621,2021-11-13,Indonesia,359,16,451,-108,4250516,143644,4097675,9197,0,454.8023951278821,-95.80239512788211,18.06901385843205,-2.0690138584320508,662.0018809894926,-211.00188098949263
622,2021-11-14,Indonesia,339,15,503,-179,4250855,143659,4098178,9018,0,435.64191610230574,-96.64191610230574,17.65521108674564,-2.6552110867456413,619.8015047915942,-116.8015047915942
623,2021-11-15,Indonesia,221,11,706,-496,4251076,143670,4098884,8522,0,416.31353288184465,-195.31353288184465,17.124168869396513,-6.124168869396513,596.4412038332754,109.55879616672462
624,2021-11-16,Indonesia,347,15,515,-183,4251423,143685,4099399,8339,1,377.25082630547575,-30.250826305475755,15.899335095517213,-0.8993350955172126,618.3529630666203,-103.3529630666203
625,2021-11-17,Indonesia,522,13,458,51,4251945,143698,4099857,8390,1,371.2006610443806,150.79933895561942,15.71946807641377,-2.7194680764137704,597.6823704532962,-139.68237045329624
626,2021-11-18,Indonesia,400,11,464,-75,4252345,143709,4100321,8315,0,401.3605288355045,-1.3605288355045104,15.175574461131017,-4.175574461131017,569.745896362637,-105.74589636263704
627,2021-11-19,Indonesia,360,5,516,-161,4252705,143714,4100837,8154,0,401.08842306840364,-41.08842306840364,14.340459568904816,-9.340459568904816,548.5967170901097,-32.59671709010968
628,2021-11-20,Indonesia,393,14,379,0,4253098,143728,4101216,8154,1,392.8707384547229,0.12926154527707467,12.472367655123854,1.527632344876146,542.0773736720878,-163.0773736720878
629,2021-11-21,Indonesia,314,11,331,-28,4253412,143739,4101547,8126,0,392.89659076377836,-78.89659076377836,12.777894124099085,-1.7778941240990846,509.46189893767024,-178.46189893767024
630,2021-11-22,Indonesia,186,5,342,-161,4253598,143744,4101889,7965,0,377.1172726110227,-191.1172726110227,12.42231529927927,-7.422315299279269,473.7695191501362,-131.7695191501362
631,2021-11-23,Indonesia,394,9,434,-49,4253992,143753,4102323,7916,1,338.8938180888182,55.10618191118181,10.937852239423416,-1.9378522394234157,447.41561532010894,-13.415615320108941
632,2021-11-24,Indonesia,451,13,377,61,4254443,143766,4102700,7977,1,349.9150544710546,101.08494552894541,10.550281791538733,2.4497182084612668,444.7324922560872,-67.7324922560872
633,2021-11-25,Indonesia,372,16,293,63,4254815,143782,4102993,8040,0,370.13204357684367,1.867956423156329,11.040225433230987,4.959774566769013,431.1859938048698,-138.18599380486978
634,2021-11-26,Indonesia,453,14,386,53,4255268,143796,4103379,8093,1,370.50563486147496,82.49436513852504,12.032180346584791,1.9678196534152086,403.5487950438959,-17.548795043895893
635,2021-11-27,Indonesia,404,11,260,133,4255672,143807,4103639,8226,0,387.00450788918,16.99549211082001,12.425744277267835,-1.4257442772678353,400.03903603511674,-140.03903603511674
636,2021-11-28,Indonesia,264,1,275,-12,4255936,143808,4103914,8214,0,390.40360631134405,-126.40360631134405,12.140595421814268,-11.140595421814268,372.0312288280934,-97.03122882809339
637,2021-11-29,Indonesia,176,11,419,-254,4256112,143819,4104333,7960,0,365.12288504907525,-189.12288504907525,9.912476337451414,1.0875236625485858,352.6249830624747,66.37501693752529
638,2021-11-30,Indonesia,297,11,324,-38,4256409,143830,4104657,7922,1,327.2983080392602,-30.298308039260178,10.129981069961133,0.8700189300388672,365.8999864499798,-41.89998644997979
639,2021-12-01,Indonesia,278,10,307,-39,4256687,143840,4104964,7883,0,321.23864643140814,-43.23864643140814,10.303984855968906,-0.30398485596890623,357.5199891599839,-50.51998915998388
640,2021-12-02,Indonesia,311,10,388,-87,4256998,143850,4105352,7796,1,312.5909171451265,-1.5909171451265252,10.243187884775125,-0.24318788477512499,347.4159913279872,40.58400867201283
641,2021-12-03,Indonesia,245,8,328,-91,4257243,143858,4105680,7705,0,312.27273371610124,-67.27273371610124,10.1945503078201,-2.1945503078200996,355.53279306238977,-27.53279306238977
