,Date,Location,New Cases,New Deaths,New Recovered,New Active Cases,Total Cases,Total Deaths,Total Recovered,Total Active Cases,Increasing
2,2020-03-02,Indonesia,2,0,0,2,2,0,0,2,0
6,2020-03-03,Indonesia,0,0,0,0,2,0,0,2,0
9,2020-03-04,Indonesia,0,0,0,0,2,0,0,2,0
13,2020-03-05,Indonesia,0,0,0,0,2,0,0,2,0
19,2020-03-06,Indonesia,2,0,0,2,4,0,0,4,0
22,2020-03-07,Indonesia,0,0,0,0,4,0,0,4,0
26,2020-03-08,Indonesia,2,0,0,2,6,0,0,6,0
36,2020-03-09,Indonesia,13,0,0,13,19,0,0,19,1
42,2020-03-10,Indonesia,8,0,2,6,27,0,2,25,0
46,2020-03-11,Indonesia,7,1,0,6,34,1,2,31,0
56,2020-03-12,Indonesia,0,0,0,0,34,1,2,31,0
62,2020-03-13,Indonesia,35,3,0,32,69,4,2,63,0
76,2020-03-14,Indonesia,27,1,6,20,96,5,8,83,0
79,2020-03-15,Indonesia,21,0,0,21,117,5,8,104,0
93,2020-03-16,Indonesia,17,0,0,17,134,5,8,121,0
98,2020-03-17,Indonesia,38,0,1,37,172,5,9,158,1
113,2020-03-18,Indonesia,55,14,2,39,227,19,11,197,1
125,2020-03-19,Indonesia,82,6,4,72,309,25,15,269,1
137,2020-03-20,Indonesia,60,7,2,51,369,32,17,320,0
153,2020-03-21,Indonesia,81,6,3,72,450,38,20,392,1
167,2020-03-22,Indonesia,64,10,9,45,514,48,29,437,0
191,2020-03-23,Indonesia,65,1,1,63,579,49,30,500,1
212,2020-03-24,Indonesia,106,6,0,100,685,55,30,600,1
229,2020-03-25,Indonesia,105,3,1,101,790,58,31,701,0
249,2020-03-26,Indonesia,103,20,4,79,893,78,35,780,0
265,2020-03-27,Indonesia,153,9,11,133,1046,87,46,913,1
312,2020-03-28,Indonesia,109,15,13,81,1155,102,59,994,0
322,2020-03-29,Indonesia,130,12,5,113,1285,114,64,1107,1
374,2020-03-30,Indonesia,129,8,11,110,1414,122,75,1217,0
399,2020-03-31,Indonesia,114,14,6,94,1528,136,81,1311,0
425,2020-04-01,Indonesia,149,21,22,106,1677,157,103,1417,1
457,2020-04-02,Indonesia,113,13,9,91,1790,170,112,1508,0
484,2020-04-03,Indonesia,196,11,22,163,1986,181,134,1671,1
514,2020-04-04,Indonesia,106,10,16,80,2092,191,150,1751,0
547,2020-04-05,Indonesia,181,7,14,160,2273,198,164,1911,1
604,2020-04-06,Indonesia,218,11,28,179,2491,209,192,2090,1
640,2020-04-07,Indonesia,247,12,12,223,2738,221,204,2313,1
648,2020-04-08,Indonesia,218,19,18,181,2956,240,222,2494,0
702,2020-04-09,Indonesia,337,40,30,267,3293,280,252,2761,1
740,2020-04-10,Indonesia,219,26,30,163,3512,306,282,2924,0
771,2020-04-11,Indonesia,330,21,4,305,3842,327,286,3229,1
805,2020-04-12,Indonesia,399,46,73,280,4241,373,359,3509,1
833,2020-04-13,Indonesia,316,26,21,269,4557,399,380,3778,0
864,2020-04-14,Indonesia,282,60,46,176,4839,459,426,3954,0
888,2020-04-15,Indonesia,297,10,20,267,5136,469,446,4221,1
941,2020-04-16,Indonesia,380,27,102,251,5516,496,548,4472,1
976,2020-04-17,Indonesia,407,24,59,324,5923,520,607,4796,1
990,2020-04-18,Indonesia,325,15,24,286,6248,535,631,5082,0
1054,2020-04-19,Indonesia,327,47,55,225,6575,582,686,5307,1
1070,2020-04-20,Indonesia,185,8,61,116,6760,590,747,5423,0
1093,2020-04-21,Indonesia,375,26,95,254,7135,616,842,5677,1
1154,2020-04-22,Indonesia,283,19,71,193,7418,635,913,5870,0
1183,2020-04-23,Indonesia,357,12,47,298,7775,647,960,6168,1
1199,2020-04-24,Indonesia,436,42,42,352,8211,689,1002,6520,1
1243,2020-04-25,Indonesia,396,31,40,325,8607,720,1042,6845,0
1276,2020-04-26,Indonesia,275,23,65,187,8882,743,1107,7032,0
1307,2020-04-27,Indonesia,214,22,44,148,9096,765,1151,7180,0
1359,2020-04-28,Indonesia,415,8,103,304,9511,773,1254,7484,1
1390,2020-04-29,Indonesia,260,11,137,112,9771,784,1391,7596,0
1440,2020-04-30,Indonesia,347,8,131,208,10118,792,1522,7804,1
1475,2020-05-01,Indonesia,433,8,69,356,10551,800,1591,8160,1
1495,2020-05-02,Indonesia,292,31,74,187,10843,831,1665,8347,0
1521,2020-05-03,Indonesia,349,14,211,124,11192,845,1876,8471,1
1564,2020-05-04,Indonesia,395,19,78,298,11587,864,1954,8769,1
1602,2020-05-05,Indonesia,484,8,243,233,12071,872,2197,9002,1
1632,2020-05-06,Indonesia,367,23,120,224,12438,895,2317,9226,0
1682,2020-05-07,Indonesia,338,35,64,239,12776,930,2381,9465,0
1719,2020-05-08,Indonesia,336,13,113,210,13112,943,2494,9675,0
1755,2020-05-09,Indonesia,533,16,113,404,13645,959,2607,10079,1
1765,2020-05-10,Indonesia,387,14,91,282,14032,973,2698,10361,0
1827,2020-05-11,Indonesia,233,18,183,32,14265,991,2881,10393,0
1830,2020-05-12,Indonesia,484,16,182,286,14749,1007,3063,10679,1
1890,2020-05-13,Indonesia,689,21,224,444,15438,1028,3287,11123,1
1904,2020-05-14,Indonesia,568,15,231,322,16006,1043,3518,11445,0
1966,2020-05-15,Indonesia,490,33,285,172,16496,1076,3803,11617,0
1978,2020-05-16,Indonesia,529,13,108,408,17025,1089,3911,12025,1
2025,2020-05-17,Indonesia,489,59,218,212,17514,1148,4129,12237,0
2065,2020-05-18,Indonesia,496,43,195,258,18010,1191,4324,12495,1
2080,2020-05-19,Indonesia,486,30,143,313,18496,1221,4467,12808,0
2133,2020-05-20,Indonesia,693,21,108,564,19189,1242,4575,13372,1
2176,2020-05-21,Indonesia,973,36,263,674,20162,1278,4838,14046,1
2208,2020-05-22,Indonesia,634,48,219,367,20796,1326,5057,14413,0
2240,2020-05-23,Indonesia,949,25,192,732,21745,1351,5249,15145,1
2273,2020-05-24,Indonesia,526,21,153,352,22271,1372,5402,15497,0
2283,2020-05-25,Indonesia,479,19,240,220,22750,1391,5642,15717,0
2346,2020-05-26,Indonesia,415,27,235,153,23165,1418,5877,15870,0
2358,2020-05-27,Indonesia,686,55,180,451,23851,1473,6057,16321,1
2402,2020-05-28,Indonesia,687,23,183,481,24538,1496,6240,16802,1
2437,2020-05-29,Indonesia,678,24,252,402,25216,1520,6492,17204,0
2475,2020-05-30,Indonesia,557,53,523,-19,25773,1573,7015,17185,0
2511,2020-05-31,Indonesia,700,40,293,367,26473,1613,7308,17552,1
2562,2020-06-01,Indonesia,467,28,329,110,26940,1641,7637,17662,0
2566,2020-06-02,Indonesia,609,22,298,289,27549,1663,7935,17951,1
2628,2020-06-03,Indonesia,684,35,471,178,28233,1698,8406,18129,1
2650,2020-06-04,Indonesia,585,23,486,76,28818,1721,8892,18205,0
2685,2020-06-05,Indonesia,703,49,551,103,29521,1770,9443,18308,1
2717,2020-06-06,Indonesia,993,31,464,498,30514,1801,9907,18806,1
2740,2020-06-07,Indonesia,672,50,591,31,31186,1851,10498,18837,0
2789,2020-06-08,Indonesia,847,32,406,409,32033,1883,10904,19246,1
2842,2020-06-09,Indonesia,1042,40,510,492,33075,1923,11414,19738,1
2868,2020-06-10,Indonesia,1241,36,715,490,34316,1959,12129,20228,1
2898,2020-06-11,Indonesia,979,41,507,431,35295,2000,12636,20659,0
2944,2020-06-12,Indonesia,1111,48,577,486,36406,2048,13213,21145,1
2957,2020-06-13,Indonesia,1014,43,563,408,37420,2091,13776,21553,0
2994,2020-06-14,Indonesia,857,43,755,59,38277,2134,14531,21612,0
3049,2020-06-15,Indonesia,1017,64,592,361,39294,2198,15123,21973,1
3058,2020-06-16,Indonesia,1106,33,580,493,40400,2231,15703,22466,1
3120,2020-06-17,Indonesia,1031,45,540,446,41431,2276,16243,22912,0
3126,2020-06-18,Indonesia,1331,63,555,713,42762,2339,16798,23625,1
3182,2020-06-19,Indonesia,1041,34,551,456,43803,2373,17349,24081,0
3226,2020-06-20,Indonesia,1226,56,534,636,45029,2429,17883,24717,1
3254,2020-06-21,Indonesia,862,36,521,305,45891,2465,18404,25022,0
3268,2020-06-22,Indonesia,954,35,331,588,46845,2500,18735,25610,1
3318,2020-06-23,Indonesia,1051,35,506,510,47896,2535,19241,26120,1
3337,2020-06-24,Indonesia,1113,38,417,658,49009,2573,19658,26778,1
3398,2020-06-25,Indonesia,1178,47,791,340,50187,2620,20449,27118,1
3423,2020-06-26,Indonesia,1240,63,884,293,51427,2683,21333,27411,1
3462,2020-06-27,Indonesia,1385,37,576,772,52812,2720,21909,28183,1
3487,2020-06-28,Indonesia,1198,34,1027,137,54010,2754,22936,28320,0
3541,2020-06-29,Indonesia,1082,51,864,167,55092,2805,23800,28487,0
3552,2020-06-30,Indonesia,1293,71,1006,216,56385,2876,24806,28703,1
3581,2020-07-01,Indonesia,1385,58,789,538,57770,2934,25595,29241,1
3625,2020-07-02,Indonesia,1624,53,1072,499,59394,2987,26667,29740,1
3653,2020-07-03,Indonesia,1301,49,901,351,60695,3036,27568,30091,0
3693,2020-07-04,Indonesia,1447,53,651,743,62142,3089,28219,30834,1
3743,2020-07-05,Indonesia,1607,82,886,639,63749,3171,29105,31473,1
3766,2020-07-06,Indonesia,1209,70,814,325,64958,3241,29919,31798,0
3792,2020-07-07,Indonesia,1268,68,866,334,66226,3309,30785,32132,1
3843,2020-07-08,Indonesia,1853,50,800,1003,68079,3359,31585,33135,1
3883,2020-07-09,Indonesia,2657,58,1066,1533,70736,3417,32651,34668,1
3915,2020-07-10,Indonesia,1611,52,878,681,72347,3469,33529,35349,0
3931,2020-07-11,Indonesia,1671,66,1190,415,74018,3535,34719,35764,1
3975,2020-07-12,Indonesia,1681,71,919,691,75699,3606,35638,36455,1
4006,2020-07-13,Indonesia,1282,50,1051,181,76981,3656,36689,36636,0
4034,2020-07-14,Indonesia,1591,54,947,590,78572,3710,37636,37226,1
4099,2020-07-15,Indonesia,1522,87,1414,21,80094,3797,39050,37247,0
4123,2020-07-16,Indonesia,1574,76,1295,203,81668,3873,40345,37450,1
4152,2020-07-17,Indonesia,1462,84,1489,-111,83130,3957,41834,37339,0
4204,2020-07-18,Indonesia,1752,59,1434,259,84882,4016,43268,37598,1
4238,2020-07-19,Indonesia,1639,127,2133,-621,86521,4143,45401,36977,0
4276,2020-07-20,Indonesia,1693,96,1576,21,88214,4239,46977,36998,1
4297,2020-07-21,Indonesia,1655,81,1489,85,89869,4320,48466,37083,0
4331,2020-07-22,Indonesia,1882,139,1789,-46,91751,4459,50255,37037,1
4348,2020-07-23,Indonesia,1906,117,1909,-120,93657,4576,52164,36917,1
4413,2020-07-24,Indonesia,1761,89,1781,-109,95418,4665,53945,36808,0
4433,2020-07-25,Indonesia,1868,49,1409,410,97286,4714,55354,37218,1
4454,2020-07-26,Indonesia,1492,67,1301,124,98778,4781,56655,37342,0
4513,2020-07-27,Indonesia,1525,57,1518,-50,100303,4838,58173,37292,1
4525,2020-07-28,Indonesia,1748,63,2366,-681,102051,4901,60539,36611,1
4564,2020-07-29,Indonesia,2381,74,1599,708,104432,4975,62138,37319,1
4620,2020-07-30,Indonesia,1904,83,2154,-333,106336,5058,64292,36986,0
4635,2020-07-31,Indonesia,2040,73,1615,352,108376,5131,65907,37338,1
4697,2020-08-01,Indonesia,1560,62,2012,-514,109936,5193,67919,36824,0
4727,2020-08-02,Indonesia,1519,43,1056,420,111455,5236,68975,37244,0
4740,2020-08-03,Indonesia,1679,66,1262,351,113134,5302,70237,37595,1
4773,2020-08-04,Indonesia,1922,86,1813,23,115056,5388,72050,37618,1
4835,2020-08-05,Indonesia,1815,64,1839,-88,116871,5452,73889,37530,0
4868,2020-08-06,Indonesia,1882,69,1756,57,118753,5521,75645,37587,1
4904,2020-08-07,Indonesia,2473,72,1912,489,121226,5593,77557,38076,1
4921,2020-08-08,Indonesia,2277,65,1749,463,123503,5658,79306,38539,0
4976,2020-08-09,Indonesia,1893,65,1646,182,125396,5723,80952,38721,0
5008,2020-08-10,Indonesia,1687,42,1284,361,127083,5765,82236,39082,0
5041,2020-08-11,Indonesia,1693,59,1474,160,128776,5824,83710,39242,1
5060,2020-08-12,Indonesia,1942,79,2088,-225,130718,5903,85798,39017,1
5089,2020-08-13,Indonesia,2098,65,1760,273,132816,5968,87558,39290,1
5146,2020-08-14,Indonesia,2307,53,2060,194,135123,6021,89618,39484,1
5155,2020-08-15,Indonesia,2345,50,1703,592,137468,6071,91321,40076,1
5214,2020-08-16,Indonesia,2081,79,1782,220,139549,6150,93103,40296,0
5225,2020-08-17,Indonesia,1821,57,1355,409,141370,6207,94458,40705,0
5292,2020-08-18,Indonesia,1673,70,1848,-245,143043,6277,96306,40460,0
5311,2020-08-19,Indonesia,1902,69,2351,-518,144945,6346,98657,39942,1
5354,2020-08-20,Indonesia,2266,72,2017,177,147211,6418,100674,40119,1
5374,2020-08-21,Indonesia,2197,82,2317,-202,149408,6500,102991,39917,0
5400,2020-08-22,Indonesia,2090,94,2207,-211,151498,6594,105198,39706,0
5467,2020-08-23,Indonesia,2037,86,2302,-351,153535,6680,107500,39355,0
5493,2020-08-24,Indonesia,1877,79,3560,-1762,155412,6759,111060,37593,0
5522,2020-08-25,Indonesia,2447,99,1807,541,157859,6858,112867,38134,1
5562,2020-08-26,Indonesia,2306,86,2542,-322,160165,6944,115409,37812,0
5607,2020-08-27,Indonesia,2719,120,3166,-567,162884,7064,118575,37245,1
5633,2020-08-28,Indonesia,3003,105,2325,573,165887,7169,120900,37818,1
5669,2020-08-29,Indonesia,3308,92,1902,1314,169195,7261,122802,39132,1
5711,2020-08-30,Indonesia,2858,82,1383,1393,172053,7343,124185,40525,0
5713,2020-08-31,Indonesia,2743,74,1774,895,174796,7417,125959,41420,0
5748,2020-09-01,Indonesia,2775,88,2098,589,177571,7505,128057,42009,1
5808,2020-09-02,Indonesia,3075,111,1914,1050,180646,7616,129971,43059,1
5830,2020-09-03,Indonesia,3622,134,2084,1404,184268,7750,132055,44463,1
5886,2020-09-04,Indonesia,3269,82,2126,1061,187537,7832,134181,45524,0
5892,2020-09-05,Indonesia,3128,108,2220,800,190665,7940,136401,46324,0
5927,2020-09-06,Indonesia,3444,85,2174,1185,194109,8025,138575,47509,1
5960,2020-09-07,Indonesia,2880,105,2077,698,196989,8130,140652,48207,0
6027,2020-09-08,Indonesia,3046,100,2306,640,200035,8230,142958,48847,1
6041,2020-09-09,Indonesia,3307,106,2242,959,203342,8336,145200,49806,1
6078,2020-09-10,Indonesia,3861,120,2310,1431,207203,8456,147510,51237,1
6098,2020-09-11,Indonesia,3737,88,2707,942,210940,8544,150217,52179,0
6145,2020-09-12,Indonesia,3806,106,2241,1459,214746,8650,152458,53638,1
6188,2020-09-13,Indonesia,3636,73,2552,1011,218382,8723,155010,54649,0
6227,2020-09-14,Indonesia,3141,118,3395,-372,221523,8841,158405,54277,0
6271,2020-09-15,Indonesia,3507,124,2660,723,225030,8965,161065,55000,1
6279,2020-09-16,Indonesia,3963,135,3036,792,228993,9100,164101,55792,1
6323,2020-09-17,Indonesia,3635,122,2585,928,232628,9222,166686,56720,0
6356,2020-09-18,Indonesia,3891,114,4088,-311,236519,9336,170774,56409,1
6398,2020-09-19,Indonesia,4168,112,3576,480,240687,9448,174350,56889,1
6442,2020-09-20,Indonesia,3989,105,2977,907,244676,9553,177327,57796,0
6463,2020-09-21,Indonesia,4176,124,3470,582,248852,9677,180797,58378,1
6488,2020-09-22,Indonesia,4071,160,3501,410,252923,9837,184298,58788,0
6528,2020-09-23,Indonesia,4465,140,3660,665,257388,9977,187958,59453,1
6580,2020-09-24,Indonesia,4634,128,3895,611,262022,10105,191853,60064,1
6595,2020-09-25,Indonesia,4823,113,4343,367,266845,10218,196196,60431,1
6635,2020-09-26,Indonesia,4494,90,3207,1197,271339,10308,199403,61628,0
6662,2020-09-27,Indonesia,3874,78,3611,185,275213,10386,203014,61813,0
6713,2020-09-28,Indonesia,3509,87,3856,-434,278722,10473,206870,61379,0
6754,2020-09-29,Indonesia,4002,128,3567,307,282724,10601,210437,61686,1
6769,2020-09-30,Indonesia,4284,139,4510,-365,287008,10740,214947,61321,1
6823,2020-10-01,Indonesia,4174,116,3540,518,291182,10856,218487,61839,0
6836,2020-10-02,Indonesia,4317,116,2853,1348,295499,10972,221340,63187,1
6897,2020-10-03,Indonesia,4007,83,3712,212,299506,11055,225052,63399,0
6914,2020-10-04,Indonesia,3992,96,3401,495,303498,11151,228453,63894,0
6949,2020-10-05,Indonesia,3622,102,4140,-620,307120,11253,232593,63274,0
6975,2020-10-06,Indonesia,4056,121,3844,91,311176,11374,236437,63365,1
7010,2020-10-07,Indonesia,4538,98,3854,586,315714,11472,240291,63951,1
7051,2020-10-08,Indonesia,4850,108,3769,973,320564,11580,244060,64924,1
7105,2020-10-09,Indonesia,4094,97,3607,390,324658,11677,247667,65314,0
7137,2020-10-10,Indonesia,4294,88,3814,392,328952,11765,251481,65706,1
7179,2020-10-11,Indonesia,4497,79,3546,872,333449,11844,255027,66578,1
7194,2020-10-12,Indonesia,3267,91,3492,-316,336716,11935,258519,66262,0
7242,2020-10-13,Indonesia,3906,92,4777,-963,340622,12027,263296,65299,1
7271,2020-10-14,Indonesia,4127,129,4555,-557,344749,12156,267851,64742,1
7294,2020-10-15,Indonesia,4411,112,5810,-1511,349160,12268,273661,63231,1
7338,2020-10-16,Indonesia,4301,79,3883,339,353461,12347,277544,63570,0
7389,2020-10-17,Indonesia,4301,84,4048,169,357762,12431,281592,63739,1
7405,2020-10-18,Indonesia,4105,80,3732,293,361867,12511,285324,64032,0
7446,2020-10-19,Indonesia,3373,106,3919,-652,365240,12617,289243,63380,0
7466,2020-10-20,Indonesia,3602,117,4410,-925,368842,12734,293653,62455,1
7510,2020-10-21,Indonesia,4267,123,3856,288,373109,12857,297509,62743,1
7560,2020-10-22,Indonesia,4432,102,3497,833,377541,12959,301006,63576,1
7580,2020-10-23,Indonesia,4369,118,4094,157,381910,13077,305100,63733,0
7614,2020-10-24,Indonesia,4070,128,4119,-177,385980,13205,309219,63556,0
7654,2020-10-25,Indonesia,3732,94,4545,-907,389712,13299,313764,62649,0
7705,2020-10-26,Indonesia,3222,112,3908,-798,392934,13411,317672,61851,0
7715,2020-10-27,Indonesia,3520,101,4576,-1157,396454,13512,322248,60694,1
7744,2020-10-28,Indonesia,4029,100,3545,384,400483,13612,325793,61078,1
7799,2020-10-29,Indonesia,3565,89,3985,-509,404048,13701,329778,60569,0
7821,2020-10-30,Indonesia,2897,81,4517,-1701,406945,13782,334295,58868,0
7858,2020-10-31,Indonesia,3143,87,3506,-450,410088,13869,337801,58418,1
7906,2020-11-01,Indonesia,2696,74,4141,-1519,412784,13943,341942,56899,0
7925,2020-11-02,Indonesia,2618,101,3624,-1107,415402,14044,345566,55792,0
7984,2020-11-03,Indonesia,2973,102,3931,-1060,418375,14146,349497,54732,1
8005,2020-11-04,Indonesia,3356,113,3785,-542,421731,14259,353282,54190,1
8027,2020-11-05,Indonesia,4065,89,3860,116,425796,14348,357142,54306,1
8059,2020-11-06,Indonesia,3778,94,3563,121,429574,14442,360705,54427,0
8106,2020-11-07,Indonesia,4262,98,3712,452,433836,14540,364417,54879,1
8129,2020-11-08,Indonesia,3880,74,3881,-75,437716,14614,368298,54804,0
8197,2020-11-09,Indonesia,2853,75,3968,-1190,440569,14689,372266,53614,0
8224,2020-11-10,Indonesia,3779,72,3475,232,444348,14761,375741,53846,1
8256,2020-11-11,Indonesia,3770,75,3241,454,448118,14836,378982,54300,0
8286,2020-11-12,Indonesia,4173,97,3102,974,452291,14933,382084,55274,1
8327,2020-11-13,Indonesia,5444,104,3010,2330,457735,15037,385094,57604,1
8349,2020-11-14,Indonesia,5272,111,3000,2161,463007,15148,388094,59765,0
8405,2020-11-15,Indonesia,4106,63,3897,146,467113,15211,391991,59911,0
8429,2020-11-16,Indonesia,3535,85,3452,-2,470648,15296,395443,59909,0
8471,2020-11-17,Indonesia,3807,97,3193,517,474455,15393,398636,60426,1
8492,2020-11-18,Indonesia,4265,110,3711,444,478720,15503,402347,60870,1
8535,2020-11-19,Indonesia,4798,97,4265,436,483518,15600,406612,61306,1
8579,2020-11-20,Indonesia,4792,78,3940,774,488310,15678,410552,62080,0
8591,2020-11-21,Indonesia,4998,96,3403,1499,493308,15774,413955,63579,1
8648,2020-11-22,Indonesia,4360,110,4233,17,497668,15884,418188,63596,0
8664,2020-11-23,Indonesia,4442,118,4198,126,502110,16002,422386,63722,1
8693,2020-11-24,Indonesia,4192,109,2927,1156,506302,16111,425313,64878,0
8733,2020-11-25,Indonesia,5534,114,4494,926,511836,16225,429807,65804,1
8786,2020-11-26,Indonesia,4917,127,3842,948,516753,16352,433649,66752,0
8823,2020-11-27,Indonesia,5828,169,3807,1852,522581,16521,437456,68604,1
8847,2020-11-28,Indonesia,5418,125,4527,766,527999,16646,441983,69370,0
8880,2020-11-29,Indonesia,6267,169,3810,2288,534266,16815,445793,71658,1
8901,2020-11-30,Indonesia,4617,130,4725,-238,538883,16945,450518,71420,0
8954,2020-12-01,Indonesia,5092,136,4361,595,543975,17081,454879,72015,1
8995,2020-12-02,Indonesia,5533,118,4001,1414,549508,17199,458880,73429,1
9024,2020-12-03,Indonesia,8369,156,3673,4540,557877,17355,462553,77969,1
9062,2020-12-04,Indonesia,5803,124,3625,2054,563680,17479,466178,80023,0
9079,2020-12-05,Indonesia,6027,110,4271,1646,569707,17589,470449,81669,1
9118,2020-12-06,Indonesia,6089,151,4322,1616,575796,17740,474771,83285,1
9152,2020-12-07,Indonesia,5754,127,4431,1196,581550,17867,479202,84481,0
9212,2020-12-08,Indonesia,5292,133,4295,864,586842,18000,483497,85345,0
9214,2020-12-09,Indonesia,6058,171,3948,1939,592900,18171,487445,87284,1
9276,2020-12-10,Indonesia,6033,165,4530,1338,598933,18336,491975,88622,0
9307,2020-12-11,Indonesia,6310,175,4911,1224,605243,18511,496886,89846,1
9336,2020-12-12,Indonesia,6388,142,4490,1756,611631,18653,501376,91602,1
9360,2020-12-13,Indonesia,6189,166,4460,1563,617820,18819,505836,93165,0
9403,2020-12-14,Indonesia,5489,137,5121,231,623309,18956,510957,93396,0
9438,2020-12-15,Indonesia,6120,155,5699,266,629429,19111,516656,93662,1
9488,2020-12-16,Indonesia,6725,137,5328,1260,636154,19248,521984,94922,1
9517,2020-12-17,Indonesia,7354,142,4995,2217,643508,19390,526979,97139,1
9542,2020-12-18,Indonesia,6689,124,5016,1549,650197,19514,531995,98688,0
9594,2020-12-19,Indonesia,7751,145,4265,3341,657948,19659,536260,102029,1
9608,2020-12-20,Indonesia,6982,221,5551,1210,664930,19880,541811,103239,0
9650,2020-12-21,Indonesia,6848,205,5073,1570,671778,20085,546884,104809,0
9701,2020-12-22,Indonesia,6347,172,5838,337,678125,20257,552722,105146,0
9728,2020-12-23,Indonesia,7514,151,5981,1382,685639,20408,558703,106528,1
9745,2020-12-24,Indonesia,7199,181,5277,1741,692838,20589,563980,108269,0
9797,2020-12-25,Indonesia,7259,258,6324,677,700097,20847,570304,108946,1
9832,2020-12-26,Indonesia,6740,147,6389,204,706837,20994,576693,109150,0
9851,2020-12-27,Indonesia,6528,243,6983,-698,713365,21237,583676,108452,0
9889,2020-12-28,Indonesia,5854,215,6302,-663,719219,21452,589978,107789,0
9914,2020-12-29,Indonesia,7903,251,6805,847,727122,21703,596783,108636,1
9968,2020-12-30,Indonesia,8002,241,6958,803,735124,21944,603741,109439,1
10000,2020-12-31,Indonesia,8074,194,7356,524,743198,22138,611097,109963,1
10046,2021-01-01,Indonesia,8072,191,6839,1042,751270,22329,617936,111005,0
10073,2021-01-02,Indonesia,7203,226,7582,-605,758473,22555,625518,110400,0
10097,2021-01-03,Indonesia,6877,179,6419,279,765350,22734,631937,110679,0
10135,2021-01-04,Indonesia,6753,177,7166,-590,772103,22911,639103,110089,0
10173,2021-01-05,Indonesia,7445,198,6643,604,779548,23109,645746,110693,1
10200,2021-01-06,Indonesia,8854,187,6767,1900,788402,23296,652513,112593,1
10245,2021-01-07,Indonesia,9321,224,6924,2173,797723,23520,659437,114766,1
10282,2021-01-08,Indonesia,10617,233,7446,2938,808340,23753,666883,117704,1
10329,2021-01-09,Indonesia,10046,194,6628,3224,818386,23947,673511,120928,0
10346,2021-01-10,Indonesia,9640,182,7513,1945,828026,24129,681024,122873,0
10384,2021-01-11,Indonesia,8692,214,7715,763,836718,24343,688739,123636,0
10433,2021-01-12,Indonesia,10047,302,7068,2677,846765,24645,695807,126313,1
10461,2021-01-13,Indonesia,11278,306,7657,3315,858043,24951,703464,129628,1
10507,2021-01-14,Indonesia,11557,295,7741,3521,869600,25246,711205,133149,1
10515,2021-01-15,Indonesia,12818,238,7491,5089,882418,25484,718696,138238,1
10555,2021-01-16,Indonesia,14224,283,8662,5279,896642,25767,727358,143517,1
10601,2021-01-17,Indonesia,11287,220,9102,1965,907929,25987,736460,145482,0
10614,2021-01-18,Indonesia,9086,295,9475,-684,917015,26282,745935,144798,0
10653,2021-01-19,Indonesia,10365,308,8013,2044,927380,26590,753948,146842,1
10683,2021-01-20,Indonesia,12568,267,9755,2546,939948,26857,763703,149388,1
10748,2021-01-21,Indonesia,11703,346,9087,2270,951651,27203,772790,151658,0
10771,2021-01-22,Indonesia,13632,250,8357,5025,965283,27453,781147,156683,1
10808,2021-01-23,Indonesia,12191,211,9912,2068,977474,27664,791059,158751,0
10847,2021-01-24,Indonesia,11788,171,7751,3866,989262,27835,798810,162617,0
10868,2021-01-25,Indonesia,9994,297,10678,-981,999256,28132,809488,161636,0
10895,2021-01-26,Indonesia,13094,336,10868,1890,1012350,28468,820356,163526,1
10941,2021-01-27,Indonesia,11948,387,10974,587,1024298,28855,831330,164113,0
10982,2021-01-28,Indonesia,13695,476,10792,2427,1037993,29331,842122,166540,1
11007,2021-01-29,Indonesia,13802,187,10138,3477,1051795,29518,852260,170017,1
11055,2021-01-30,Indonesia,14518,210,10242,4066,1066313,29728,862502,174083,1
11073,2021-01-31,Indonesia,12001,270,10719,1012,1078314,29998,873221,175095,0
11130,2021-02-01,Indonesia,10994,279,10461,254,1089308,30277,883682,175349,0
11165,2021-02-02,Indonesia,10379,304,12848,-2773,1099687,30581,896530,172576,0
11177,2021-02-03,Indonesia,11984,189,9135,2660,1111671,30770,905665,175236,1
11217,2021-02-04,Indonesia,11434,231,11641,-438,1123105,31001,917306,174798,0
11270,2021-02-05,Indonesia,11749,201,9674,1874,1134854,31202,926980,176672,1
11303,2021-02-06,Indonesia,12156,191,12204,-239,1147010,31393,939184,176433,1
11321,2021-02-07,Indonesia,10827,163,10806,-142,1157837,31556,949990,176291,0
11358,2021-02-08,Indonesia,8242,207,13038,-5003,1166079,31763,963028,171288,0
11392,2021-02-09,Indonesia,8700,213,10424,-1937,1174779,31976,973452,169351,1
11426,2021-02-10,Indonesia,8776,191,9520,-935,1183555,32167,982972,168416,1
11474,2021-02-11,Indonesia,8435,214,10145,-1924,1191990,32381,993117,166492,0
11511,2021-02-12,Indonesia,9869,275,11000,-1406,1201859,32656,1004117,165086,1
11527,2021-02-13,Indonesia,8844,280,11919,-3355,1210703,32936,1016036,161731,0
11582,2021-02-14,Indonesia,6765,247,9237,-2719,1217468,33183,1025273,159012,0
11606,2021-02-15,Indonesia,6462,184,6792,-514,1223930,33367,1032065,158498,0
11648,2021-02-16,Indonesia,10029,229,7609,2191,1233959,33596,1039674,160689,1
11671,2021-02-17,Indonesia,9687,192,8002,1493,1243646,33788,1047676,162182,0
11699,2021-02-18,Indonesia,9039,181,10546,-1688,1252685,33969,1058222,160494,0
11760,2021-02-19,Indonesia,10614,183,10783,-352,1263299,34152,1069005,160142,1
11801,2021-02-20,Indonesia,8054,164,9835,-1945,1271353,34316,1078840,158197,0
11834,2021-02-21,Indonesia,7300,173,8236,-1109,1278653,34489,1087076,157088,0
11869,2021-02-22,Indonesia,10180,202,9918,60,1288833,34691,1096994,157148,1
11886,2021-02-23,Indonesia,9775,323,7996,1456,1298608,35014,1104990,158604,0
11918,2021-02-24,Indonesia,7533,240,7735,-442,1306141,35254,1112725,158162,0
11974,2021-02-25,Indonesia,8493,264,8686,-457,1314634,35518,1121411,157705,1
11981,2021-02-26,Indonesia,8232,268,7261,703,1322866,35786,1128672,158408,0
12032,2021-02-27,Indonesia,6208,195,7382,-1369,1329074,35981,1136054,157039,0
12076,2021-02-28,Indonesia,5560,185,6649,-1274,1334634,36166,1142703,155765,0
12105,2021-03-01,Indonesia,6680,159,9212,-2691,1341314,36325,1151915,153074,1
12143,2021-03-02,Indonesia,5712,193,8948,-3429,1347026,36518,1160863,149645,0
12160,2021-03-03,Indonesia,6808,203,9053,-2448,1353834,36721,1169916,147197,1
12197,2021-03-04,Indonesia,7264,176,6440,648,1361098,36897,1176356,147845,1
12250,2021-03-05,Indonesia,6971,129,6331,511,1368069,37026,1182687,148356,0
12277,2021-03-06,Indonesia,5767,128,6823,-1184,1373836,37154,1189510,147172,0
12304,2021-03-07,Indonesia,5826,112,5146,568,1379662,37266,1194656,147740,1
12328,2021-03-08,Indonesia,6894,281,8725,-2112,1386556,37547,1203381,145628,1
12385,2021-03-09,Indonesia,6389,210,7496,-1317,1392945,37757,1210877,144311,0
12426,2021-03-10,Indonesia,5633,175,5556,-98,1398578,37932,1216433,144213,0
12438,2021-03-11,Indonesia,5144,117,8170,-3143,1403722,38049,1224603,141070,0
12498,2021-03-12,Indonesia,6412,180,6851,-619,1410134,38229,1231454,140451,1
12524,2021-03-13,Indonesia,4607,100,6016,-1509,1414741,38329,1237470,138942,0
12549,2021-03-14,Indonesia,4714,97,5647,-1030,1419455,38426,1243117,137912,1
12582,2021-03-15,Indonesia,5589,147,6830,-1388,1425044,38573,1249947,136524,1
12624,2021-03-16,Indonesia,5414,180,7716,-2482,1430458,38753,1257663,134042,0
12662,2021-03-17,Indonesia,6825,162,9010,-2347,1437283,38915,1266673,131695,1
12684,2021-03-18,Indonesia,6570,227,6285,58,1443853,39142,1272958,131753,0
12722,2021-03-19,Indonesia,6279,197,6007,75,1450132,39339,1278965,131828,0
12772,2021-03-20,Indonesia,5656,108,5760,-212,1455788,39447,1284725,131616,0
12799,2021-03-21,Indonesia,4396,103,6065,-1772,1460184,39550,1290790,129844,0
12824,2021-03-22,Indonesia,5744,161,7177,-1594,1465928,39711,1297967,128250,1
12867,2021-03-23,Indonesia,5297,154,6954,-1811,1471225,39865,1304921,126439,0
12921,2021-03-24,Indonesia,5227,118,7622,-2513,1476452,39983,1312543,123926,0
12942,2021-03-25,Indonesia,6107,98,4656,1353,1482559,40081,1317199,125279,1
12973,2021-03-26,Indonesia,4982,85,5679,-782,1487541,40166,1322878,124497,0
13024,2021-03-27,Indonesia,4461,198,4243,20,1492002,40364,1327121,124517,0
13059,2021-03-28,Indonesia,4083,85,4279,-281,1496085,40449,1331400,124236,0
13087,2021-03-29,Indonesia,5008,132,5418,-542,1501093,40581,1336818,123694,1
13098,2021-03-30,Indonesia,4682,173,5877,-1368,1505775,40754,1342695,122326,0
13142,2021-03-31,Indonesia,5937,104,5635,198,1511712,40858,1348330,122524,1
13200,2021-04-01,Indonesia,6142,196,7248,-1302,1517854,41054,1355578,121222,1
13234,2021-04-02,Indonesia,5325,97,5439,-211,1523179,41151,1361017,121011,0
13249,2021-04-03,Indonesia,4345,91,5197,-943,1527524,41242,1366214,120068,0
13280,2021-04-04,Indonesia,6731,427,9663,-3359,1534255,41669,1375877,116709,1
13340,2021-04-05,Indonesia,3712,146,5800,-2234,1537967,41815,1381677,114475,0
13365,2021-04-06,Indonesia,4549,162,4296,91,1542516,41977,1385973,114566,1
13397,2021-04-07,Indonesia,4860,87,5769,-996,1547376,42064,1391742,113570,1
13436,2021-04-08,Indonesia,5504,163,7640,-2299,1552880,42227,1399382,111271,1
13479,2021-04-09,Indonesia,5265,121,6277,-1133,1558145,42348,1405659,110138,0
13490,2021-04-10,Indonesia,4723,95,3629,999,1562868,42443,1409288,111137,0
13550,2021-04-11,Indonesia,4127,87,5219,-1179,1566995,42530,1414507,109958,0
13563,2021-04-12,Indonesia,4829,126,5289,-586,1571824,42656,1419796,109372,1
13593,2021-04-13,Indonesia,5702,126,6349,-773,1577526,42782,1426145,108599,1
13656,2021-04-14,Indonesia,5656,124,5747,-215,1583182,42906,1431892,108384,0
13669,2021-04-15,Indonesia,6177,167,6362,-352,1589359,43073,1438254,108032,1
13708,2021-04-16,Indonesia,5363,123,5975,-735,1594722,43196,1444229,107297,0
13734,2021-04-17,Indonesia,5041,132,5963,-1054,1599763,43328,1450192,106243,0
13778,2021-04-18,Indonesia,4585,96,4873,-384,1604348,43424,1455065,105859,0
13808,2021-04-19,Indonesia,4952,143,6349,-1540,1609300,43567,1461414,104319,1
13849,2021-04-20,Indonesia,5549,210,6728,-1389,1614849,43777,1468142,102930,1
13891,2021-04-21,Indonesia,5720,230,7314,-1824,1620569,44007,1475456,101106,1
13936,2021-04-22,Indonesia,6243,165,5993,85,1626812,44172,1481449,101191,1
13959,2021-04-23,Indonesia,5436,174,5920,-658,1632248,44346,1487369,100533,0
13985,2021-04-24,Indonesia,4544,154,4953,-563,1636792,44500,1492322,99970,0
14010,2021-04-25,Indonesia,4402,94,3804,504,1641194,44594,1496126,100474,0
14051,2021-04-26,Indonesia,5944,177,5589,178,1647138,44771,1501715,100652,1
14107,2021-04-27,Indonesia,4656,168,4884,-396,1651794,44939,1506599,100256,0
14120,2021-04-28,Indonesia,5241,177,4818,246,1657035,45116,1511417,100502,1
14174,2021-04-29,Indonesia,5833,218,6015,-400,1662868,45334,1517432,100102,1
14188,2021-04-30,Indonesia,5500,187,5202,111,1668368,45521,1522634,100213,0
14227,2021-05-01,Indonesia,4512,131,4344,37,1672880,45652,1526978,100250,0
14258,2021-05-02,Indonesia,4394,144,3740,510,1677274,45796,1530718,100760,0
14316,2021-05-03,Indonesia,4730,153,4773,-196,1682004,45949,1535491,100564,1
14343,2021-05-04,Indonesia,4369,188,5658,-1477,1686373,46137,1541149,99087,0
14387,2021-05-05,Indonesia,5285,212,5943,-870,1691658,46349,1547092,98217,1
14413,2021-05-06,Indonesia,5647,147,5440,60,1697305,46496,1552532,98277,1
14442,2021-05-07,Indonesia,6327,167,5891,269,1703632,46663,1558423,98546,1
14484,2021-05-08,Indonesia,6130,179,5494,457,1709762,46842,1563917,99003,0
14524,2021-05-09,Indonesia,3922,170,4360,-608,1713684,47012,1568277,98395,0
14536,2021-05-10,Indonesia,4891,206,6338,-1653,1718575,47218,1574615,96742,1
14591,2021-05-11,Indonesia,5021,247,5592,-818,1723596,47465,1580207,95924,1
14617,2021-05-12,Indonesia,4608,152,4671,-215,1728204,47617,1584878,95709,0
14668,2021-05-13,Indonesia,3448,99,4201,-852,1731652,47716,1589079,94857,0
14678,2021-05-14,Indonesia,2633,107,3807,-1281,1734285,47823,1592886,93576,0
14719,2021-05-15,Indonesia,2385,144,4181,-1940,1736670,47967,1597067,91636,0
14752,2021-05-16,Indonesia,3080,126,3790,-836,1739750,48093,1600857,90800,1
14806,2021-05-17,Indonesia,4295,212,5754,-1671,1744045,48305,1606611,89129,1
14833,2021-05-18,Indonesia,4185,172,5628,-1615,1748230,48477,1612239,87514,0
14866,2021-05-19,Indonesia,4871,192,4364,315,1753101,48669,1616603,87829,1
14917,2021-05-20,Indonesia,5797,218,4969,610,1758898,48887,1621572,88439,1
14923,2021-05-21,Indonesia,5746,186,4570,990,1764644,49073,1626142,89429,0
14977,2021-05-22,Indonesia,5296,132,3353,1811,1769940,49205,1629495,91240,0
15005,2021-05-23,Indonesia,5280,123,3550,1607,1775220,49328,1633045,92847,0
15025,2021-05-24,Indonesia,5907,127,5234,546,1781127,49455,1638279,93393,1
15069,2021-05-25,Indonesia,5060,172,3795,1093,1786187,49627,1642074,94486,0
15098,2021-05-26,Indonesia,5034,144,3189,1701,1791221,49771,1645263,96187,0
15133,2021-05-27,Indonesia,6278,136,3924,2218,1797499,49907,1649187,98405,1
15190,2021-05-28,Indonesia,5862,193,5370,299,1803361,50100,1654557,98704,0
15211,2021-05-29,Indonesia,6565,162,5417,986,1809926,50262,1659974,99690,1
15240,2021-05-30,Indonesia,6115,142,4024,1949,1816041,50404,1663998,101639,0
15290,2021-05-31,Indonesia,5662,174,5121,367,1821703,50578,1669119,102006,0
15324,2021-06-01,Indonesia,4824,145,5360,-681,1826527,50723,1674479,101325,0
15340,2021-06-02,Indonesia,5246,185,6022,-961,1831773,50908,1680501,100364,1
15381,2021-06-03,Indonesia,5353,187,11092,-5926,1837126,51095,1691593,94438,1
15433,2021-06-04,Indonesia,6486,201,5950,335,1843612,51296,1697543,94773,1
15444,2021-06-05,Indonesia,6594,153,4241,2200,1850206,51449,1701784,96973,1
15482,2021-06-06,Indonesia,5832,163,4187,1482,1856038,51612,1705971,98455,0
15532,2021-06-07,Indonesia,6993,191,5594,1208,1863031,51803,1711565,99663,1
15561,2021-06-08,Indonesia,6294,189,5805,300,1869325,51992,1717370,99963,0
15606,2021-06-09,Indonesia,7725,170,5883,1672,1877050,52162,1723253,101635,1
15622,2021-06-10,Indonesia,8892,211,5661,3020,1885942,52373,1728914,104655,1
15659,2021-06-11,Indonesia,8083,193,6230,1660,1894025,52566,1735144,106315,0
15719,2021-06-12,Indonesia,7465,164,5292,2009,1901490,52730,1740436,108324,0
15749,2021-06-13,Indonesia,9868,149,4655,5064,1911358,52879,1745091,113388,1
15771,2021-06-14,Indonesia,8189,237,6143,1809,1919547,53116,1751234,115197,0
15809,2021-06-15,Indonesia,8161,164,6407,1590,1927708,53280,1757641,116787,0
15828,2021-06-16,Indonesia,9944,196,6229,3519,1937652,53476,1763870,120306,1
15893,2021-06-17,Indonesia,12624,277,7350,4997,1950276,53753,1771220,125303,1
15898,2021-06-18,Indonesia,12990,290,7907,4793,1963266,54043,1779127,130096,1
15952,2021-06-19,Indonesia,12906,248,7016,5642,1976172,54291,1786143,135738,0
15982,2021-06-20,Indonesia,13737,371,6385,6981,1989909,54662,1792528,142719,1
16019,2021-06-21,Indonesia,14536,294,9233,5009,2004445,54956,1801761,147728,1
16054,2021-06-22,Indonesia,13668,335,8375,4958,2018113,55291,1810136,152686,0
16100,2021-06-23,Indonesia,15308,303,7167,7838,2033421,55594,1817303,160524,1
16123,2021-06-24,Indonesia,20574,355,9201,11018,2053995,55949,1826504,171542,1
16158,2021-06-25,Indonesia,18872,422,8557,9893,2072867,56371,1835061,181435,0
16183,2021-06-26,Indonesia,21095,358,7396,13341,2093962,56729,1842457,194776,1
16225,2021-06-27,Indonesia,21342,409,8024,12909,2115304,57138,1850481,207685,1
16250,2021-06-28,Indonesia,20694,423,9480,10791,2135998,57561,1859961,218476,0
16289,2021-06-29,Indonesia,20467,463,9645,10359,2156465,58024,1869606,228835,0
16334,2021-06-30,Indonesia,21807,467,10807,10533,2178272,58491,1880413,239368,1
16358,2021-07-01,Indonesia,24836,504,9874,14458,2203108,58995,1890287,253826,1
16414,2021-07-02,Indonesia,25830,539,11578,13713,2228938,59534,1901865,267539,1
16433,2021-07-03,Indonesia,27913,493,13282,14138,2256851,60027,1915147,281677,1
16483,2021-07-04,Indonesia,27233,555,13127,13551,2284084,60582,1928274,295228,0
16516,2021-07-05,Indonesia,29745,558,14416,14771,2313829,61140,1942690,309999,1
16552,2021-07-06,Indonesia,31189,728,15863,14598,2345018,61868,1958553,324597,1
16573,2021-07-07,Indonesia,34379,1040,14835,18504,2379397,62908,1973388,343101,1
16609,2021-07-08,Indonesia,38391,852,21185,16354,2417788,63760,1994573,359455,1
16640,2021-07-09,Indonesia,38124,871,28975,8278,2455912,64631,2023548,367733,0
16701,2021-07-10,Indonesia,35094,826,28561,5707,2491006,65457,2052109,373440,0
16724,2021-07-11,Indonesia,36197,1007,32615,2575,2527203,66464,2084724,376015,1
16746,2021-07-12,Indonesia,40427,891,34754,4782,2567630,67355,2119478,380797,1
16785,2021-07-13,Indonesia,47899,864,20123,26912,2615529,68219,2139601,407709,1
16841,2021-07-14,Indonesia,54517,991,17762,35764,2670046,69210,2157363,443473,1
16866,2021-07-15,Indonesia,56757,982,19049,36726,2726803,70192,2176412,480199,1
16901,2021-07-16,Indonesia,54000,1205,28079,24716,2780803,71397,2204491,504915,0
16921,2021-07-17,Indonesia,51952,1092,27903,22957,2832755,72489,2232394,527872,0
16952,2021-07-18,Indonesia,44721,1093,29264,14364,2877476,73582,2261658,542236,0
16992,2021-07-19,Indonesia,34257,1338,32217,702,2911733,74920,2293875,542938,0
17018,2021-07-20,Indonesia,38325,1280,29791,7254,2950058,76200,2323666,550192,1
17081,2021-07-21,Indonesia,33772,1383,32887,-498,2983830,77583,2356553,549694,0
17103,2021-07-22,Indonesia,49509,1449,36370,11690,3033339,79032,2392923,561384,1
17128,2021-07-23,Indonesia,49071,1566,38988,8517,3082410,80598,2431911,569901,0
17186,2021-07-24,Indonesia,45416,1415,39767,4234,3127826,82013,2471678,574135,0
17213,2021-07-25,Indonesia,38679,1266,37640,-227,3166505,83279,2509318,573908,0
17261,2021-07-26,Indonesia,28228,1487,40374,-13633,3194733,84766,2549692,560275,0
17281,2021-07-27,Indonesia,45203,2069,47128,-3994,3239936,86835,2596820,556281,1
17320,2021-07-28,Indonesia,47791,1824,43856,2111,3287727,88659,2640676,558392,1
17333,2021-07-29,Indonesia,43479,1893,45494,-3908,3331206,90552,2686170,554484,0
17389,2021-07-30,Indonesia,41168,1759,44550,-5141,3372374,92311,2730720,549343,0
17426,2021-07-31,Indonesia,37284,1808,39372,-3896,3409658,94119,2770092,545447,0
17451,2021-08-01,Indonesia,30738,1604,39446,-10312,3440396,95723,2809538,535135,0
17477,2021-08-02,Indonesia,22404,1568,32807,-11971,3462800,97291,2842345,523164,0
17540,2021-08-03,Indonesia,33900,1598,31324,978,3496700,98889,2873669,524142,1
17551,2021-08-04,Indonesia,35867,1747,34251,-131,3532567,100636,2907920,524011,1
17587,2021-08-05,Indonesia,35764,1739,39726,-5701,3568331,102375,2947646,518310,0
17644,2021-08-06,Indonesia,39532,1635,48832,-10935,3607863,104010,2996478,507375,1
17679,2021-08-07,Indonesia,31753,1588,39716,-9551,3639616,105598,3036194,497824,0
17685,2021-08-08,Indonesia,26415,1498,48508,-23591,3666031,107096,3084702,474233,0
17732,2021-08-09,Indonesia,20709,1475,44959,-25725,3686740,108571,3129661,448508,0
17759,2021-08-10,Indonesia,32081,2048,41486,-11453,3718821,110619,3171147,437055,1
17809,2021-08-11,Indonesia,30625,1579,39931,-10885,3749446,112198,3211078,426170,0
17850,2021-08-12,Indonesia,24709,1466,36637,-13394,3774155,113664,3247715,412776,0
17859,2021-08-13,Indonesia,30788,1432,42003,-12647,3804943,115096,3289718,400129,1
17904,2021-08-14,Indonesia,28598,1270,31880,-4552,3833541,116366,3321598,395577,0
17945,2021-08-15,Indonesia,20813,1222,30361,-10770,3854354,117588,3351959,384807,0
17995,2021-08-16,Indonesia,17384,1245,29925,-13786,3871738,118833,3381884,371021,0
18003,2021-08-17,Indonesia,20741,1180,32225,-12664,3892479,120013,3414109,358357,1
18049,2021-08-18,Indonesia,15768,1128,29794,-15154,3908247,121141,3443903,343203,0
18069,2021-08-19,Indonesia,22053,1492,29012,-8451,3930300,122633,3472915,334752,1
18133,2021-08-20,Indonesia,20004,1348,26122,-7466,3950304,123981,3499037,327286,0
18147,2021-08-21,Indonesia,16744,1361,23011,-7628,3967048,125342,3522048,319658,0
18173,2021-08-22,Indonesia,12408,1030,24276,-12898,3979456,126372,3546324,306760,0
18224,2021-08-23,Indonesia,9604,842,24758,-15996,3989060,127214,3571082,290764,0
18270,2021-08-24,Indonesia,19106,1038,35082,-17014,4008166,128252,3606164,273750,1
18308,2021-08-25,Indonesia,18671,1041,33703,-16073,4026837,129293,3639867,257677,0
18331,2021-08-26,Indonesia,16899,889,30099,-14089,4043736,130182,3669966,243588,0
18360,2021-08-27,Indonesia,12618,599,19290,-7271,4056354,130781,3689256,236317,0
18385,2021-08-28,Indonesia,10050,591,18594,-9135,4066404,131372,3707850,227182,0
18441,2021-08-29,Indonesia,7427,551,16468,-9592,4073831,131923,3724318,217590,0
18463,2021-08-30,Indonesia,5436,568,19398,-14530,4079267,132491,3743716,203060,0
18491,2021-08-31,Indonesia,10534,532,16781,-6779,4089801,133023,3760497,196281,1
18553,2021-09-01,Indonesia,10337,653,16394,-6710,4100138,133676,3776891,189571,0
18587,2021-09-02,Indonesia,8955,680,21208,-12933,4109093,134356,3798099,176638,0
18598,2021-09-03,Indonesia,7797,574,15544,-8321,4116890,134930,3813643,168317,0
18657,2021-09-04,Indonesia,6727,539,13806,-7618,4123617,135469,3827449,160699,0
18681,2021-09-05,Indonesia,5403,392,10191,-5180,4129020,135861,3837640,155519,0
18725,2021-09-06,Indonesia,4413,612,13049,-9248,4133433,136473,3850689,146271,0
18733,2021-09-07,Indonesia,7201,683,14159,-7641,4140634,137156,3864848,138630,1
18771,2021-09-08,Indonesia,6731,626,11912,-5807,4147365,137782,3876760,132823,0
18824,2021-09-09,Indonesia,5990,334,10650,-4994,4153355,138116,3887410,127829,0
18851,2021-09-10,Indonesia,5376,315,14356,-9295,4158731,138431,3901766,118534,0
18886,2021-09-11,Indonesia,5001,270,7586,-2855,4163732,138701,3909352,115679,0
18919,2021-09-12,Indonesia,3779,188,9401,-5810,4167511,138889,3918753,109869,0
18968,2021-09-13,Indonesia,2577,276,12474,-10173,4170088,139165,3931227,99696,0
19012,2021-09-14,Indonesia,4128,250,11246,-7368,4174216,139415,3942473,92328,1
19043,2021-09-15,Indonesia,3948,267,11046,-7365,4178164,139682,3953519,84963,0
19069,2021-09-16,Indonesia,3145,237,14633,-11725,4181309,139919,3968152,73238,0
19105,2021-09-17,Indonesia,3835,219,7912,-4296,4185144,140138,3976064,68942,1
19138,2021-09-18,Indonesia,3385,185,7076,-3876,4188529,140323,3983140,65066,0
19168,2021-09-19,Indonesia,2234,145,6186,-4097,4190763,140468,3989326,60969,0
19210,2021-09-20,Indonesia,1932,166,6799,-5033,4192695,140634,3996125,55936,0
19255,2021-09-21,Indonesia,3263,171,6581,-3489,4195958,140805,4002706,52447,1
19265,2021-09-22,Indonesia,2720,149,5356,-2785,4198678,140954,4008062,49662,0
19299,2021-09-23,Indonesia,2881,160,4386,-1665,4201559,141114,4012448,47997,1
19332,2021-09-24,Indonesia,2557,144,4607,-2194,4204116,141258,4017055,45803,0
19389,2021-09-25,Indonesia,2137,123,3746,-1732,4206253,141381,4020801,44071,0
19403,2021-09-26,Indonesia,1760,86,2976,-1302,4208013,141467,4023777,42769,0
19440,2021-09-27,Indonesia,1390,118,3771,-2499,4209403,141585,4027548,40270,0
19474,2021-09-28,Indonesia,2057,124,3551,-1618,4211460,141709,4031099,38652,1
19532,2021-09-29,Indonesia,1954,117,3077,-1240,4213414,141826,4034176,37412,0
19545,2021-09-30,Indonesia,1690,113,2848,-1271,4215104,141939,4037024,36141,0
19595,2021-10-01,Indonesia,1624,87,2811,-1274,4216728,142026,4039835,34867,0
19633,2021-10-02,Indonesia,1414,89,2380,-1055,4218142,142115,4042215,33812,0
19662,2021-10-03,Indonesia,1142,58,2020,-936,4219284,142173,4044235,32876,0
19691,2021-10-04,Indonesia,922,88,2656,-1822,4220206,142261,4046891,31054,0
19731,2021-10-05,Indonesia,1404,77,2558,-1231,4221610,142338,4049449,29823,1
19775,2021-10-06,Indonesia,1484,75,2851,-1442,4223094,142413,4052300,28381,1
19798,2021-10-07,Indonesia,1393,81,1946,-634,4224487,142494,4054246,27747,0
19841,2021-10-08,Indonesia,1384,66,3514,-2196,4225871,142560,4057760,25551,0
19882,2021-10-09,Indonesia,1167,52,1507,-392,4227038,142612,4059267,25159,0
19918,2021-10-10,Indonesia,894,39,1584,-729,4227932,142651,4060851,24430,0
19956,2021-10-11,Indonesia,620,65,2444,-1889,4228552,142716,4063295,22541,0
19969,2021-10-12,Indonesia,1261,47,2130,-916,4229813,142763,4065425,21625,1
20008,2021-10-13,Indonesia,1233,48,2259,-1074,4231046,142811,4067684,20551,0
20035,2021-10-14,Indonesia,1053,37,1715,-699,4232099,142848,4069399,19852,0
20091,2021-10-15,Indonesia,915,41,1408,-534,4233014,142889,4070807,19318,0
20116,2021-10-16,Indonesia,997,44,1525,-572,4234011,142933,4072332,18746,1
20150,2021-10-17,Indonesia,747,19,1086,-358,4234758,142952,4073418,18388,0
20199,2021-10-18,Indonesia,626,47,1593,-1014,4235384,142999,4075011,17374,0
20230,2021-10-19,Indonesia,903,50,1530,-677,4236287,143049,4076541,16697,1
20243,2021-10-20,Indonesia,914,28,1207,-321,4237201,143077,4077748,16376,1
20303,2021-10-21,Indonesia,633,43,1372,-782,4237834,143120,4079120,15594,0
20328,2021-10-22,Indonesia,760,33,1231,-504,4238594,143153,4080351,15090,1
20346,2021-10-23,Indonesia,802,23,1066,-287,4239396,143176,4081417,14803,1
20411,2021-10-24,Indonesia,623,29,1037,-443,4240019,143205,4082454,14360,0
20434,2021-10-25,Indonesia,460,30,1236,-806,4240479,143235,4083690,13554,0
20468,2021-10-26,Indonesia,611,35,1141,-565,4241090,143270,4084831,12989,1
20505,2021-10-27,Indonesia,719,29,944,-254,4241809,143299,4085775,12735,1
20549,2021-10-28,Indonesia,723,34,984,-295,4242532,143333,4086759,12440,1
20575,2021-10-29,Indonesia,683,28,681,-26,4243215,143361,4087440,12414,0
20593,2021-10-30,Indonesia,620,27,698,-105,4243835,143388,4088138,12309,0
20651,2021-10-31,Indonesia,523,17,497,9,4244358,143405,4088635,12318,0
20676,2021-11-01,Indonesia,403,18,784,-399,4244761,143423,4089419,11919,0
20712,2021-11-02,Indonesia,612,34,868,-290,4245373,143457,4090287,11629,1
20739,2021-11-03,Indonesia,801,24,814,-37,4246174,143481,4091101,11592,1
20767,2021-11-04,Indonesia,628,19,837,-228,4246802,143500,4091938,11364,0
20801,2021-11-05,Indonesia,518,19,648,-149,4247320,143519,4092586,11215,0
20862,2021-11-06,Indonesia,401,15,622,-236,4247721,143534,4093208,10979,0
20899,2021-11-07,Indonesia,444,11,587,-154,4248165,143545,4093795,10825,1
20922,2021-11-08,Indonesia,244,12,1283,-1051,4248409,143557,4095078,9774,0
20962,2021-11-09,Indonesia,434,21,585,-172,4248843,143578,4095663,9602,1
21003,2021-11-10,Indonesia,480,14,531,-65,4249323,143592,4096194,9537,1
21017,2021-11-11,Indonesia,435,16,470,-51,4249758,143608,4096664,9486,0
21075,2021-11-12,Indonesia,399,20,560,-181,4250157,143628,4097224,9305,0
21108,2021-11-13,Indonesia,359,16,451,-108,4250516,143644,4097675,9197,0
21136,2021-11-14,Indonesia,339,15,503,-179,4250855,143659,4098178,9018,0
21169,2021-11-15,Indonesia,221,11,706,-496,4251076,143670,4098884,8522,0
21212,2021-11-16,Indonesia,347,15,515,-183,4251423,143685,4099399,8339,1
21222,2021-11-17,Indonesia,522,13,458,51,4251945,143698,4099857,8390,1
21266,2021-11-18,Indonesia,400,11,464,-75,4252345,143709,4100321,8315,0
21301,2021-11-19,Indonesia,360,5,516,-161,4252705,143714,4100837,8154,0
21341,2021-11-20,Indonesia,393,14,379,0,4253098,143728,4101216,8154,1
21376,2021-11-21,Indonesia,314,11,331,-28,4253412,143739,4101547,8126,0
21414,2021-11-22,Indonesia,186,5,342,-161,4253598,143744,4101889,7965,0
21437,2021-11-23,Indonesia,394,9,434,-49,4253992,143753,4102323,7916,1
21487,2021-11-24,Indonesia,451,13,377,61,4254443,143766,4102700,7977,1
21526,2021-11-25,Indonesia,372,16,293,63,4254815,143782,4102993,8040,0
21562,2021-11-26,Indonesia,453,14,386,53,4255268,143796,4103379,8093,1
21590,2021-11-27,Indonesia,404,11,260,133,4255672,143807,4103639,8226,0
21598,2021-11-28,Indonesia,264,1,275,-12,4255936,143808,4103914,8214,0
21649,2021-11-29,Indonesia,176,11,419,-254,4256112,143819,4104333,7960,0
21695,2021-11-30,Indonesia,297,11,324,-38,4256409,143830,4104657,7922,1
21717,2021-12-01,Indonesia,278,10,307,-39,4256687,143840,4104964,7883,0
21749,2021-12-02,Indonesia,311,10,388,-87,4256998,143850,4105352,7796,1
21758,2021-12-03,Indonesia,245,8,328,-91,4257243,143858,4105680,7705,0
